0 1
1 1
2 1
4 2
5 1
8 1
11 1
13 1
14 2
18 2
19 2
20 1
21 1
22 2
23 1
24 1
25 3
26 2
27 2
28 1
29 2
30 3
31 1
32 1
33 2
34 1
35 2
36 3
37 1
38 2
40 1
41 1
44 1
45 1
46 2
47 1
48 2
49 2
50 3
52 1
53 1
55 1
57 2
58 1
59 1
60 1
61 2
62 2
66 1
67 2
68 1
69 1
77 1
78 1
83 2
86 3
88 1
90 1
93 1
95 1
98 1
99 1
100 1
104 2
105 1
106 2
107 3
109 2
112 1
116 2
119 1
122 3
127 1
132 1
135 1
137 1
143 1
146 1
149 1
151 1
152 1
155 1
158 1
159 2
161 1
162 2
163 1
164 3
165 1
167 2
169 1
171 1
174 1
177 2
180 3
181 1
182 1
183 1
186 1
189 1
190 1
194 1
197 1
198 1
199 2
201 1
202 1
205 1
210 1
217 1
222 1
226 1
228 1
232 1
234 1
238 1
239 1
240 1
243 1
245 1
248 1
249 1
250 1
252 1
255 1
256 1
257 1
261 2
264 1
265 1
271 1
277 1
279 1
281 1
282 1
295 1
296 1
297 1
298 1
301 1
303 1
308 1
309 1
315 1
319 1
322 1
323 1
324 1
334 1
337 1
340 1
347 1
348 2
350 1
372 1
373 1
384 1
385 2
386 1
389 1
390 1
391 1
394 1
407 1
408 1
420 1
435 1
439 1
441 1
442 1
448 1
454 1
455 1
463 1
465 1
467 1
472 1
474 1
483 1
489 1
494 1
503 1
509 2
511 1
516 1
539 1
542 1
552 1
557 1
567 1
579 1
583 1
587 1
592 1
598 1
599 1
609 1
618 1
619 1
625 1
633 1
637 1
643 1
672 1
673 1
675 1
678 1
679 1
680 1
683 1
684 1
699 1
702 1
708 1
716 1
718 1
736 1
741 1
746 2
748 1
749 1
751 1
753 1
759 1
761 2
765 1
769 1
770 1
771 1
781 1
784 1
788 1
794 1
796 1
799 1
802 1
806 1
808 1
809 1
810 1
813 1
818 1
823 1
824 1
827 1
842 1
844 2
848 1
852 1
857 1
883 1
898 1
909 1
911 1
915 1
920 1
927 1
930 1
931 1
933 1
935 1
937 1
948 1
978 1
980 1
982 1
986 1
999 1
