"corr.dtimecali!ele1b_dec_sun" (1000)
Fri Mar 29 01:40:09 2019
 3
1 long 
("bdecay.corr.dtimecal")
(0 1000) 
--------------------------------------------
(0) 1
(1) 6
(2) 10
(3) 2
(4) 3
(5) 5
(6) 9
(7) 3
(8) 6
(9) 6
(10) 4
(11) 5
(12) 5
(13) 2
(14) 4
(16) 6
(17) 3
(18) 6
(19) 4
(20) 2
(21) 3
(22) 2
(23) 2
(24) 4
(25) 5
(26) 4
(27) 5
(28) 2
(29) 4
(30) 4
(31) 3
(32) 6
(33) 3
(34) 7
(35) 4
(36) 2
(37) 4
(38) 5
(39) 1
(40) 6
(41) 4
(42) 2
(43) 5
(44) 4
(45) 3
(46) 3
(47) 5
(48) 6
(49) 4
(50) 4
(51) 6
(52) 7
(53) 4
(54) 3
(55) 1
(57) 6
(58) 4
(59) 3
(60) 3
(61) 3
(63) 2
(64) 1
(65) 1
(66) 3
(67) 3
(68) 3
(69) 1
(70) 2
(71) 2
(72) 2
(73) 3
(74) 5
(75) 3
(76) 4
(77) 2
(78) 3
(79) 6
(80) 1
(81) 4
(82) 3
(83) 5
(84) 7
(85) 1
(86) 1
(88) 3
(89) 3
(90) 5
(91) 5
(92) 2
(93) 2
(94) 2
(95) 4
(96) 4
(97) 3
(98) 2
(99) 1
(100) 4
(101) 1
(102) 1
(103) 5
(104) 4
(105) 2
(106) 1
(107) 1
(108) 3
(109) 1
(110) 1
(111) 1
(112) 2
(113) 3
(114) 1
(115) 4
(116) 3
(117) 3
(118) 4
(120) 3
(121) 2
(122) 2
(123) 3
(124) 3
(125) 1
(126) 2
(128) 3
(129) 2
(130) 4
(131) 3
(132) 2
(133) 4
(134) 1
(135) 3
(136) 1
(137) 2
(138) 2
(139) 4
(140) 1
(141) 3
(142) 3
(143) 4
(144) 2
(147) 1
(148) 3
(149) 2
(150) 2
(151) 1
(152) 2
(153) 2
(154) 1
(160) 4
(161) 1
(162) 3
(163) 2
(164) 1
(165) 2
(168) 1
(170) 1
(172) 2
(176) 4
(177) 4
(178) 2
(179) 1
(180) 5
(181) 1
(182) 2
(183) 4
(184) 2
(185) 2
(186) 2
(187) 2
(188) 2
(189) 1
(190) 1
(191) 1
(192) 1
(193) 1
(194) 2
(196) 2
(197) 1
(198) 4
(200) 2
(202) 2
(203) 1
(204) 3
(205) 1
(206) 4
(207) 3
(208) 2
(209) 2
(210) 1
(211) 2
(212) 2
(213) 1
(215) 1
(216) 3
(217) 2
(218) 1
(219) 2
(221) 1
(222) 2
(223) 2
(224) 1
(226) 1
(230) 1
(231) 3
(232) 1
(233) 3
(235) 2
(237) 2
(240) 1
(241) 1
(242) 1
(243) 1
(244) 3
(247) 4
(249) 2
(250) 1
(251) 1
(252) 1
(254) 2
(255) 1
(257) 1
(258) 1
(259) 1
(260) 1
(261) 2
(262) 1
(263) 1
(264) 2
(265) 2
(267) 1
(268) 3
(269) 3
(270) 3
(271) 3
(273) 2
(275) 1
(277) 3
(279) 2
(280) 1
(281) 2
(283) 1
(284) 1
(285) 3
(286) 2
(287) 1
(289) 2
(290) 2
(292) 1
(293) 3
(295) 1
(296) 2
(297) 2
(301) 2
(302) 1
(303) 2
(304) 2
(305) 1
(307) 2
(308) 3
(309) 1
(310) 1
(312) 3
(313) 1
(314) 1
(318) 1
(319) 1
(321) 3
(322) 1
(323) 2
(325) 2
(327) 1
(328) 1
(330) 3
(331) 3
(332) 2
(333) 1
(334) 1
(335) 2
(336) 1
(337) 1
(338) 3
(339) 1
(341) 1
(342) 1
(344) 4
(347) 1
(348) 2
(350) 1
(352) 1
(353) 2
(354) 1
(355) 2
(356) 1
(357) 1
(358) 1
(359) 1
(360) 1
(362) 2
(363) 1
(364) 2
(365) 1
(366) 1
(367) 3
(369) 1
(370) 3
(371) 1
(372) 1
(373) 3
(374) 2
(375) 2
(376) 2
(377) 2
(380) 2
(381) 5
(382) 1
(383) 1
(384) 1
(387) 2
(390) 2
(391) 3
(392) 1
(393) 2
(395) 1
(397) 1
(400) 3
(401) 1
(403) 1
(404) 1
(408) 1
(409) 1
(411) 3
(412) 2
(414) 3
(416) 3
(418) 1
(420) 3
(423) 1
(424) 1
(426) 2
(431) 2
(432) 2
(433) 1
(434) 1
(435) 1
(436) 1
(437) 1
(439) 1
(440) 1
(446) 2
(447) 1
(448) 1
(450) 1
(451) 1
(452) 1
(454) 1
(455) 1
(456) 1
(459) 1
(460) 1
(461) 3
(464) 2
(465) 2
(466) 1
(467) 3
(468) 2
(469) 1
(470) 1
(472) 1
(475) 1
(476) 2
(477) 2
(479) 1
(480) 2
(481) 2
(483) 1
(484) 2
(485) 2
(487) 3
(489) 1
(490) 1
(491) 1
(493) 2
(495) 1
(497) 2
(498) 1
(502) 1
(505) 1
(507) 2
(508) 2
(510) 1
(513) 1
(514) 2
(515) 1
(516) 1
(517) 1
(518) 1
(519) 1
(521) 1
(522) 1
(523) 1
(527) 2
(528) 1
(529) 1
(532) 1
(533) 2
(534) 2
(535) 2
(537) 2
(542) 2
(543) 1
(546) 1
(548) 1
(552) 1
(553) 1
(556) 2
(557) 1
(558) 1
(559) 1
(563) 2
(565) 1
(566) 1
(567) 2
(568) 1
(571) 1
(572) 2
(574) 1
(575) 2
(578) 1
(579) 1
(581) 1
(584) 1
(585) 3
(586) 1
(587) 1
(589) 3
(590) 1
(591) 1
(593) 1
(595) 1
(598) 2
(599) 1
(602) 1
(604) 1
(606) 1
(608) 1
(610) 2
(611) 1
(612) 1
(615) 2
(616) 2
(621) 1
(622) 1
(624) 1
(625) 1
(626) 2
(629) 3
(630) 3
(631) 2
(634) 1
(636) 1
(638) 1
(639) 1
(640) 1
(643) 1
(644) 1
(645) 2
(649) 4
(650) 2
(651) 2
(652) 2
(653) 1
(656) 1
(659) 2
(660) 2
(661) 1
(662) 2
(663) 1
(664) 1
(665) 1
(666) 3
(668) 1
(669) 3
(670) 1
(671) 1
(673) 1
(675) 1
(677) 1
(681) 1
(682) 1
(683) 1
(684) 1
(687) 1
(689) 1
(690) 3
(694) 1
(696) 1
(700) 1
(703) 2
(704) 2
(705) 1
(707) 1
(708) 1
(710) 1
(713) 1
(720) 1
(722) 2
(723) 1
(724) 1
(725) 1
(726) 1
(727) 2
(728) 1
(729) 1
(733) 1
(734) 1
(735) 2
(737) 1
(738) 1
(739) 1
(740) 1
(742) 1
(743) 2
(746) 1
(747) 1
(748) 2
(750) 1
(751) 3
(752) 1
(756) 3
(759) 1
(761) 1
(762) 3
(763) 2
(765) 1
(766) 1
(768) 1
(770) 1
(771) 2
(773) 1
(776) 1
(778) 2
(779) 1
(780) 1
(784) 1
(785) 2
(786) 1
(787) 2
(788) 1
(792) 1
(793) 1
(795) 1
(796) 2
(797) 3
(799) 1
(803) 1
(804) 1
(805) 2
(808) 2
(813) 1
(815) 1
(817) 1
(818) 2
(819) 1
(821) 1
(826) 2
(828) 1
(830) 2
(831) 1
(832) 1
(835) 1
(836) 1
(839) 1
(840) 2
(841) 2
(843) 2
(845) 1
(849) 2
(850) 2
(856) 1
(857) 1
(860) 1
(862) 2
(863) 1
(865) 1
(866) 1
(868) 1
(870) 1
(872) 4
(874) 1
(877) 1
(879) 1
(882) 1
(883) 1
(884) 2
(887) 1
(892) 1
(896) 1
(899) 1
(901) 1
(902) 3
(906) 2
(909) 1
(910) 1
(912) 1
(913) 1
(915) 1
(919) 1
(920) 1
(922) 1
(923) 1
(925) 1
(927) 1
(934) 1
(935) 5
(936) 2
(937) 1
(939) 2
(940) 1
(941) 3
(944) 1
(945) 2
(946) 1
(947) 1
(951) 2
(953) 1
(954) 1
(958) 1
(960) 1
(962) 1
(964) 1
(966) 1
(967) 2
(968) 1
(969) 2
(970) 1
(972) 1
(973) 1
(974) 1
(976) 1
(977) 2
(979) 1
(980) 2
(983) 1
(986) 2
(988) 2
(989) 1
(990) 1
(991) 1
(995) 2
(999) 1
(-1) -1
