0 3
1 2
2 5
3 5
4 7
5 8
6 6
7 7
8 9
9 4
10 4
11 3
12 13
13 2
14 7
15 6
16 4
17 2
18 12
19 6
20 4
21 7
22 5
23 6
24 2
25 11
26 1
27 9
28 3
29 2
30 9
31 2
32 7
33 3
34 2
35 3
36 7
37 3
38 4
39 1
40 8
41 4
42 12
43 1
44 4
45 8
46 4
47 3
48 3
49 2
50 2
51 4
52 1
53 3
54 3
55 7
56 5
57 9
58 8
59 6
60 7
61 5
62 2
63 9
64 3
65 11
66 3
67 2
68 6
69 8
70 2
71 6
72 8
73 4
74 2
75 5
76 5
77 5
78 5
79 8
80 3
81 3
82 1
83 9
84 5
85 4
86 5
87 6
88 8
89 3
90 5
91 5
92 2
93 4
94 4
95 5
97 2
98 6
99 3
100 3
101 6
102 2
103 4
104 8
105 6
106 2
107 3
109 5
110 5
111 3
112 3
113 7
114 6
115 3
116 2
117 9
118 2
119 6
120 7
121 3
122 3
123 4
124 3
125 3
126 3
127 3
128 3
129 4
130 4
131 4
132 5
133 4
134 2
135 5
136 4
137 7
138 2
139 8
140 5
141 2
142 5
143 1
144 4
145 4
146 6
147 5
148 3
149 1
150 5
151 4
152 5
153 9
154 4
155 3
156 7
157 5
158 6
159 2
160 4
161 2
162 3
163 8
164 7
165 5
166 7
167 5
169 5
170 3
171 4
172 4
173 3
174 8
175 6
176 11
177 4
178 5
179 5
180 4
181 4
182 5
183 3
184 9
185 1
186 1
187 4
188 4
189 4
190 3
191 1
192 3
193 4
194 10
195 3
196 7
198 4
199 2
200 1
201 2
202 3
203 5
204 3
205 3
206 5
207 5
208 4
209 4
210 1
211 6
212 1
213 5
214 4
215 2
216 3
217 3
218 3
219 2
220 5
221 8
222 4
223 1
224 3
225 7
226 2
227 1
228 7
229 2
230 4
231 3
232 3
233 4
234 5
235 2
236 3
237 3
238 3
239 2
240 1
241 5
242 5
243 2
245 5
246 3
247 2
248 2
249 6
250 3
251 2
252 2
253 3
254 2
255 9
256 1
257 3
258 5
259 6
260 3
261 1
262 2
263 7
264 3
266 3
267 2
268 2
269 5
270 1
271 5
272 1
273 3
274 2
275 1
276 1
277 2
278 1
279 4
280 1
281 5
282 4
283 2
284 2
285 4
286 2
287 3
288 3
289 2
290 10
291 4
292 2
293 2
294 5
295 2
296 4
297 3
298 1
299 4
300 4
302 1
303 4
304 4
305 4
306 4
307 3
308 4
309 4
310 2
311 5
312 2
313 2
314 3
315 6
316 6
317 2
318 3
319 2
320 2
321 1
322 1
323 2
324 1
325 1
326 4
327 5
329 5
330 5
331 5
333 2
334 4
335 4
336 3
337 2
338 5
339 2
340 2
341 2
342 1
343 3
344 1
345 4
347 3
348 4
349 1
350 4
351 4
352 4
353 3
354 4
355 3
356 4
357 4
358 2
359 3
361 3
362 9
364 5
366 2
367 3
368 1
369 4
370 1
371 1
372 1
373 2
374 1
375 5
376 3
377 3
378 3
379 7
380 1
381 1
382 4
383 1
385 4
386 5
387 4
388 3
389 5
391 1
392 1
393 2
394 4
395 2
396 3
397 5
398 5
399 1
400 8
401 1
402 2
403 5
404 4
405 3
406 4
407 1
408 1
409 2
410 1
411 4
412 2
413 2
414 2
415 2
416 3
417 4
418 1
419 2
420 2
421 2
422 2
423 1
424 1
425 2
426 3
427 2
428 3
429 1
430 1
431 3
432 3
433 2
434 1
435 2
436 2
437 3
438 2
439 3
440 2
441 2
442 4
443 3
444 7
446 2
447 2
448 2
449 5
452 6
453 2
454 2
455 2
456 1
457 4
458 2
459 2
460 3
461 3
462 5
463 2
464 1
465 1
466 3
467 2
468 4
470 4
472 3
473 2
474 2
475 2
476 1
477 1
478 2
479 4
480 2
481 2
482 2
483 1
484 2
485 1
486 6
487 1
488 1
489 1
490 2
491 2
492 2
493 2
494 1
495 2
497 2
498 1
499 2
500 1
501 1
502 3
504 1
505 3
506 5
507 3
508 1
509 2
510 2
511 3
512 3
513 3
514 1
515 1
516 1
517 3
518 2
519 1
520 1
521 2
522 2
523 1
524 3
525 1
526 1
527 2
528 1
529 2
530 2
531 3
532 2
533 3
534 5
535 2
537 2
538 1
539 4
540 1
541 1
542 2
543 3
545 1
546 2
547 3
548 3
549 1
550 2
551 2
552 3
553 3
554 3
555 1
558 3
559 3
560 2
561 1
562 5
563 3
564 2
565 1
566 3
567 1
568 4
569 2
570 5
571 2
572 1
574 1
575 1
577 2
578 1
581 3
582 1
583 2
584 1
586 1
587 1
588 3
589 2
590 4
591 1
593 2
594 1
595 5
596 4
597 2
598 3
599 2
600 2
602 1
603 1
605 2
606 1
607 1
609 2
610 2
611 1
612 1
614 1
616 4
617 3
618 3
619 2
620 1
621 2
622 3
623 2
624 3
626 2
628 3
630 5
631 4
633 2
634 1
635 3
636 4
639 1
640 3
641 1
642 3
643 1
645 5
646 1
647 1
649 2
650 3
651 3
652 5
653 2
655 2
656 1
657 1
658 5
659 1
660 1
661 1
662 3
663 1
664 1
666 3
669 3
671 3
672 2
674 1
677 3
678 1
679 1
681 1
682 2
684 1
685 3
686 1
687 2
688 2
689 1
691 1
692 3
693 1
694 3
695 1
696 3
697 1
698 1
699 2
700 3
702 1
703 2
704 1
705 3
706 2
707 1
708 1
710 5
711 5
712 1
714 1
715 2
716 2
717 3
718 1
721 3
722 1
723 3
724 1
726 1
727 3
728 1
729 4
731 1
733 2
734 1
735 4
736 2
738 1
740 1
742 2
744 1
745 2
746 1
748 2
749 2
750 2
751 1
752 3
754 1
756 1
758 2
759 1
760 1
762 3
763 1
765 2
767 1
768 1
769 3
770 2
771 1
773 3
776 2
777 2
778 1
779 2
780 1
781 2
782 1
783 1
784 1
786 1
787 2
789 4
790 2
792 3
794 1
795 1
796 1
798 2
799 1
800 1
801 3
804 3
805 1
807 1
808 1
809 1
810 1
811 2
812 1
816 1
817 2
818 2
820 5
822 1
824 1
826 1
827 1
828 2
829 1
831 2
832 1
833 2
834 2
836 2
837 2
838 1
840 1
841 3
843 2
844 2
846 3
847 1
848 2
849 1
850 4
851 1
852 2
853 1
854 1
857 2
858 1
859 1
860 1
861 2
862 1
863 1
864 2
866 1
867 1
869 3
870 6
873 2
874 1
875 1
876 1
878 1
879 2
881 3
882 3
883 1
884 1
885 2
886 1
887 2
888 1
889 1
890 2
892 2
896 1
898 1
899 1
900 2
901 1
902 1
903 3
904 1
906 1
908 3
909 3
910 1
911 1
913 2
914 1
917 1
918 1
919 1
921 3
922 2
925 3
928 1
929 3
930 1
931 3
933 1
936 1
939 2
941 3
942 2
943 1
944 1
945 1
946 3
947 3
948 1
950 1
951 2
952 1
953 3
954 3
955 2
956 1
958 2
959 2
960 1
961 1
964 1
965 3
968 3
970 3
972 1
973 1
974 5
977 3
978 1
980 2
982 1
983 3
984 2
985 1
986 2
987 2
989 1
990 4
992 2
993 1
994 1
996 1
997 1
998 3
