0 7
1 7
2 12
3 9
4 9
5 14
6 10
7 9
8 16
9 8
10 8
11 14
12 10
13 15
14 11
15 16
16 10
17 10
18 7
19 9
20 15
21 12
22 9
23 15
24 15
25 18
26 12
27 9
28 15
29 16
30 12
31 12
32 7
33 9
34 15
35 14
36 8
37 14
38 13
39 12
40 16
41 10
42 10
43 13
44 12
45 13
46 13
47 13
48 8
49 12
50 14
51 13
52 16
53 24
54 13
55 15
56 6
57 13
58 14
59 12
60 13
61 10
62 6
63 13
64 9
65 7
66 13
67 16
68 12
69 10
70 9
71 7
72 18
73 11
74 3
75 10
76 12
77 14
78 15
79 16
80 16
81 12
82 12
83 17
84 17
85 14
86 12
87 17
88 9
89 9
90 20
91 10
92 11
93 8
94 11
95 5
96 16
97 7
98 10
99 19
100 15
101 5
102 14
103 19
104 14
105 11
106 7
107 4
108 11
109 11
110 8
111 7
112 9
113 10
114 16
115 19
116 11
117 21
118 10
119 16
120 12
121 13
122 14
123 10
124 15
125 11
126 8
127 8
128 12
129 12
130 10
131 11
132 11
133 14
134 12
135 12
136 14
137 13
138 11
139 7
140 10
141 17
142 16
143 10
144 13
145 14
146 13
147 7
148 7
149 12
150 13
151 6
152 9
153 8
154 10
155 15
156 5
157 11
158 5
159 9
160 10
161 8
162 11
163 6
164 9
165 10
166 10
167 16
168 8
169 7
170 14
171 12
172 5
173 8
174 15
175 5
176 8
177 7
178 6
179 14
180 8
181 6
182 10
183 9
184 8
185 13
186 7
187 11
188 11
189 13
190 8
191 13
192 7
193 9
194 7
195 8
196 8
197 7
198 10
199 4
200 11
201 23
202 15
203 9
204 7
205 7
206 13
207 10
208 10
209 8
210 11
211 11
212 12
213 5
214 8
215 15
216 6
217 9
218 5
219 12
220 8
221 7
222 14
223 6
224 7
225 10
226 8
227 13
228 9
229 9
230 11
231 10
232 14
233 10
234 3
235 7
236 9
237 8
238 8
239 3
240 6
241 9
242 8
243 10
244 9
245 5
246 6
247 5
248 12
249 10
250 13
251 13
252 11
253 9
254 10
255 9
256 8
257 13
258 12
259 7
260 12
261 5
262 8
263 11
264 8
265 9
266 11
267 13
268 9
269 12
270 5
271 12
272 7
273 6
274 13
275 10
276 3
277 10
278 6
279 7
280 8
281 7
282 12
283 9
284 12
285 9
286 8
287 9
288 10
289 10
290 11
291 4
292 14
293 5
294 3
295 6
296 8
297 16
298 13
299 12
300 6
301 4
302 6
303 8
304 12
305 4
306 11
307 10
308 9
309 12
310 10
311 6
312 4
313 4
314 4
315 7
316 9
317 10
318 10
319 7
320 10
321 9
322 12
323 5
324 9
325 10
326 13
327 13
328 5
329 5
330 4
331 5
332 8
333 6
334 8
335 7
336 11
337 7
338 9
339 5
340 8
341 7
342 12
343 9
344 9
345 10
346 10
347 6
348 11
349 13
350 7
351 8
352 8
353 5
354 9
355 10
356 8
357 11
358 8
359 15
360 7
361 3
362 9
363 6
364 9
365 7
366 2
367 7
368 8
369 8
370 4
371 6
372 8
373 4
374 10
375 7
376 4
377 8
378 10
379 3
380 8
381 6
382 7
383 7
384 5
385 5
386 5
387 3
388 10
389 15
390 5
391 6
392 9
393 8
394 8
395 5
396 4
397 4
398 5
399 10
400 5
401 4
402 3
403 3
404 6
405 9
406 10
407 3
408 9
409 3
410 5
411 10
412 4
413 10
414 8
415 5
416 7
417 9
418 10
419 7
420 10
421 5
422 5
423 6
424 6
425 5
426 2
427 5
428 11
429 6
430 5
431 6
432 8
433 12
434 10
435 7
436 8
437 10
438 8
439 4
440 6
441 10
442 5
443 5
444 6
445 6
446 5
447 5
448 9
449 5
450 7
451 7
452 7
453 4
454 6
455 4
456 7
457 10
458 6
459 5
460 6
461 8
462 4
463 9
464 11
465 5
466 6
467 8
468 6
469 4
470 4
471 7
472 5
473 6
474 10
475 6
476 7
477 5
478 3
479 11
480 3
481 7
482 7
483 3
484 6
485 6
486 5
487 4
488 6
489 7
490 6
491 8
492 9
493 11
494 4
495 5
496 5
497 8
498 11
499 7
500 3
501 6
502 10
503 6
504 9
505 4
506 8
507 11
508 8
509 6
510 4
511 6
512 6
513 10
514 6
515 7
516 8
517 4
518 7
519 2
520 4
521 7
522 10
523 5
524 4
525 6
526 4
527 8
528 3
529 7
530 7
531 2
532 2
533 7
534 6
535 9
536 3
537 5
538 4
539 2
540 3
541 7
542 4
543 6
544 5
545 5
546 5
547 5
548 6
549 8
550 6
551 8
552 4
553 8
554 5
555 9
556 3
557 3
558 8
559 9
560 7
561 1
562 7
563 6
564 4
565 3
566 3
567 4
568 4
569 8
570 6
571 4
572 3
573 4
574 6
575 4
576 4
577 4
578 2
579 3
580 5
581 6
582 6
583 4
584 3
585 8
586 5
587 7
588 2
589 8
590 7
591 10
592 4
593 6
594 5
596 6
597 6
598 3
599 3
600 4
601 2
602 7
603 8
604 6
605 4
606 3
608 3
609 2
610 5
611 6
612 7
613 6
614 3
615 10
616 3
617 4
618 6
619 5
620 2
621 5
622 5
623 3
624 7
625 8
626 3
627 2
628 4
630 6
631 6
632 7
633 2
634 6
635 5
636 3
637 2
638 3
639 6
640 3
641 3
642 5
643 7
644 6
645 8
646 8
647 3
648 8
649 2
650 5
651 2
653 8
654 4
655 10
656 5
657 7
658 7
659 4
660 6
661 6
662 7
663 6
664 4
665 5
666 2
667 8
668 3
669 2
670 2
671 3
672 6
673 7
674 5
675 5
676 6
677 5
678 4
679 2
680 6
681 2
682 10
683 7
684 1
685 6
686 2
687 5
688 2
689 2
690 6
691 2
692 4
693 5
694 2
695 6
696 6
697 2
698 4
699 3
700 2
701 2
702 4
703 4
704 3
705 2
706 9
707 5
708 4
709 9
710 1
711 2
712 8
713 2
714 1
715 1
716 3
717 2
718 6
719 3
720 8
721 7
722 6
723 3
724 6
725 4
726 3
727 3
728 3
729 4
730 1
731 5
732 1
733 2
734 2
735 1
736 3
737 4
738 4
739 2
740 6
741 4
742 6
743 3
744 5
745 3
746 6
747 7
748 3
749 8
750 6
751 1
752 5
753 1
754 5
755 2
756 5
757 5
758 6
759 4
760 4
761 5
762 4
763 2
764 3
765 3
766 5
767 7
768 5
769 6
770 4
771 5
772 4
773 4
774 2
775 3
776 2
777 1
778 8
779 6
780 8
781 3
782 3
783 2
784 1
785 5
786 1
787 2
788 3
789 9
790 3
791 2
792 8
793 2
794 5
795 3
796 7
797 1
798 2
799 5
800 6
801 3
802 2
803 1
804 4
805 2
806 4
807 4
808 1
809 2
810 1
811 7
812 2
813 3
814 2
815 3
816 7
817 5
818 4
819 1
820 4
821 4
822 7
823 3
824 9
825 3
826 6
827 1
828 3
829 4
830 4
831 2
832 4
833 3
835 4
836 7
837 3
838 1
839 5
840 3
841 3
842 3
843 1
844 3
845 2
846 8
848 3
849 4
850 1
851 1
852 4
854 4
855 3
856 2
857 5
858 1
859 3
860 9
861 2
863 3
864 3
865 2
866 1
867 5
868 4
869 3
870 4
871 1
872 2
873 2
874 4
875 3
876 2
877 3
878 1
879 2
880 3
881 3
882 4
884 2
885 3
886 2
887 8
888 2
889 1
890 4
891 3
892 1
893 5
894 5
895 4
896 3
897 4
898 4
899 5
900 3
901 4
902 3
903 3
905 3
906 5
908 2
909 6
910 2
911 3
912 1
913 1
914 3
915 6
916 3
917 5
918 5
919 1
921 2
922 4
923 1
924 6
925 2
926 4
927 6
928 5
929 4
930 3
931 3
932 6
933 2
934 2
935 5
936 4
937 4
938 3
939 2
940 5
941 1
942 3
943 2
944 2
945 3
946 2
947 5
948 3
949 4
950 5
951 4
952 4
953 2
954 2
955 2
956 2
957 4
958 5
959 1
960 3
961 3
962 4
963 2
964 1
965 3
966 2
967 2
968 1
969 3
970 1
971 2
972 3
973 4
974 3
975 5
976 4
978 3
979 4
980 2
981 5
983 4
984 5
986 1
987 2
988 1
989 4
990 2
991 3
992 5
993 5
994 2
995 2
996 3
997 3
998 2
