"corr.dtimecali!ele2c_dec_sun" (1000)
Fri Mar 29 01:40:09 2019
 3
1 long 
("bdecay.corr.dtimecal")
(0 1000) 
--------------------------------------------
(0) 1
(1) 1
(2) 6
(4) 1
(6) 2
(7) 1
(8) 2
(9) 1
(10) 4
(11) 2
(12) 5
(13) 4
(14) 1
(17) 1
(18) 2
(19) 5
(20) 3
(21) 1
(22) 2
(23) 1
(24) 2
(25) 5
(26) 1
(27) 1
(28) 5
(29) 1
(30) 2
(31) 2
(32) 1
(33) 2
(34) 2
(35) 6
(36) 2
(38) 2
(39) 1
(40) 1
(41) 2
(42) 4
(43) 3
(44) 6
(45) 3
(46) 1
(47) 4
(48) 1
(49) 1
(50) 3
(51) 2
(52) 2
(53) 1
(54) 4
(55) 4
(56) 4
(57) 4
(58) 2
(59) 1
(60) 3
(61) 2
(62) 2
(63) 4
(64) 1
(65) 4
(68) 3
(69) 3
(70) 4
(75) 3
(76) 2
(77) 4
(78) 3
(79) 2
(80) 4
(81) 3
(83) 2
(84) 3
(85) 1
(87) 3
(88) 3
(89) 1
(90) 3
(91) 1
(92) 3
(93) 1
(94) 4
(95) 2
(96) 3
(97) 3
(98) 2
(99) 2
(100) 3
(101) 3
(102) 2
(103) 1
(104) 3
(105) 4
(106) 1
(107) 1
(108) 1
(109) 2
(110) 1
(111) 5
(112) 1
(113) 3
(114) 3
(115) 4
(116) 1
(118) 1
(120) 1
(121) 1
(122) 3
(123) 2
(124) 3
(125) 3
(126) 3
(127) 4
(128) 2
(129) 3
(131) 4
(132) 3
(133) 2
(134) 3
(135) 2
(136) 1
(137) 2
(138) 1
(139) 4
(140) 6
(141) 2
(142) 2
(143) 4
(144) 1
(145) 3
(148) 1
(149) 3
(150) 2
(151) 4
(152) 2
(153) 2
(154) 1
(155) 2
(156) 2
(157) 2
(158) 1
(159) 1
(161) 3
(162) 3
(163) 2
(164) 2
(165) 4
(166) 2
(168) 2
(172) 3
(173) 3
(174) 2
(176) 3
(177) 2
(178) 1
(180) 3
(181) 3
(182) 1
(183) 3
(184) 3
(185) 3
(186) 1
(187) 1
(188) 2
(189) 1
(190) 2
(191) 3
(192) 1
(193) 2
(196) 4
(197) 2
(198) 2
(200) 1
(202) 2
(203) 1
(204) 2
(205) 1
(206) 1
(207) 2
(208) 4
(209) 1
(210) 2
(212) 3
(213) 1
(214) 1
(215) 2
(216) 3
(217) 2
(218) 2
(219) 1
(220) 3
(221) 3
(222) 4
(223) 1
(225) 3
(226) 3
(227) 2
(228) 1
(230) 3
(231) 2
(232) 2
(233) 1
(234) 1
(235) 3
(237) 2
(238) 1
(239) 3
(240) 3
(241) 1
(242) 1
(243) 3
(244) 1
(245) 1
(246) 2
(247) 4
(248) 2
(249) 2
(250) 4
(251) 3
(252) 2
(253) 1
(254) 2
(255) 1
(256) 6
(257) 3
(258) 2
(259) 3
(260) 1
(262) 2
(263) 2
(264) 1
(265) 1
(266) 2
(267) 1
(268) 1
(269) 2
(270) 2
(271) 3
(272) 1
(273) 1
(275) 2
(276) 5
(277) 3
(278) 2
(279) 1
(280) 1
(281) 1
(283) 2
(284) 3
(285) 1
(286) 1
(287) 3
(288) 5
(289) 4
(290) 1
(291) 1
(292) 2
(293) 4
(294) 2
(295) 2
(296) 2
(297) 1
(298) 2
(299) 1
(300) 3
(302) 4
(303) 1
(304) 2
(305) 1
(307) 2
(309) 1
(310) 2
(311) 3
(312) 1
(313) 1
(314) 1
(315) 2
(317) 1
(318) 2
(321) 1
(322) 1
(323) 2
(324) 2
(325) 1
(326) 1
(327) 3
(328) 3
(329) 2
(330) 1
(332) 2
(333) 1
(334) 2
(335) 2
(337) 2
(338) 4
(339) 1
(340) 1
(341) 2
(342) 4
(345) 2
(346) 3
(347) 1
(348) 5
(350) 2
(351) 1
(352) 1
(353) 1
(354) 1
(356) 2
(358) 1
(359) 3
(362) 4
(364) 1
(366) 3
(367) 1
(368) 2
(369) 3
(371) 1
(372) 2
(373) 2
(374) 1
(375) 1
(376) 2
(377) 2
(379) 4
(381) 1
(382) 1
(384) 2
(385) 1
(386) 6
(389) 1
(390) 1
(391) 2
(395) 1
(396) 1
(399) 1
(400) 1
(401) 2
(402) 1
(403) 1
(404) 1
(405) 3
(407) 2
(408) 1
(409) 2
(410) 1
(411) 2
(412) 1
(413) 1
(414) 2
(415) 1
(417) 2
(418) 2
(419) 2
(420) 3
(421) 2
(422) 1
(424) 2
(427) 2
(428) 2
(430) 5
(431) 1
(432) 1
(435) 1
(436) 2
(437) 3
(438) 2
(439) 1
(441) 3
(442) 1
(446) 3
(447) 2
(448) 2
(450) 2
(451) 3
(455) 1
(456) 3
(457) 3
(459) 1
(460) 3
(462) 2
(464) 4
(465) 1
(466) 1
(467) 3
(469) 4
(470) 1
(475) 1
(476) 1
(478) 2
(479) 1
(480) 1
(481) 2
(482) 1
(485) 1
(486) 3
(487) 1
(488) 1
(490) 2
(492) 1
(493) 4
(494) 2
(495) 2
(496) 2
(497) 2
(499) 2
(502) 1
(503) 2
(505) 1
(506) 1
(507) 2
(509) 1
(511) 1
(513) 2
(516) 1
(517) 2
(518) 2
(519) 3
(520) 1
(521) 1
(522) 1
(524) 3
(525) 4
(526) 1
(527) 1
(528) 2
(529) 2
(530) 1
(531) 2
(533) 1
(537) 1
(539) 1
(540) 2
(543) 1
(544) 1
(545) 1
(546) 1
(549) 1
(550) 1
(551) 3
(553) 1
(554) 1
(555) 1
(556) 3
(557) 2
(558) 2
(559) 6
(560) 1
(561) 1
(564) 2
(565) 2
(569) 4
(570) 1
(572) 5
(573) 2
(575) 1
(577) 1
(578) 3
(579) 2
(580) 1
(582) 3
(583) 1
(584) 3
(586) 1
(587) 2
(588) 1
(589) 3
(590) 1
(591) 2
(594) 3
(599) 2
(600) 1
(601) 1
(603) 5
(604) 2
(606) 3
(611) 1
(612) 1
(613) 2
(614) 1
(617) 4
(618) 2
(619) 1
(621) 1
(623) 2
(625) 2
(626) 1
(628) 1
(629) 1
(630) 1
(631) 2
(632) 2
(633) 1
(634) 1
(635) 1
(637) 1
(638) 1
(642) 1
(643) 1
(644) 1
(645) 2
(646) 1
(647) 2
(648) 1
(650) 2
(651) 1
(652) 2
(653) 1
(655) 2
(659) 2
(660) 3
(661) 1
(662) 2
(663) 1
(664) 2
(665) 1
(666) 1
(667) 2
(668) 3
(671) 1
(672) 1
(673) 1
(675) 3
(679) 2
(681) 2
(682) 1
(683) 1
(684) 5
(685) 2
(686) 1
(688) 4
(689) 2
(690) 2
(691) 3
(694) 1
(695) 2
(696) 2
(697) 1
(701) 1
(707) 1
(710) 1
(711) 1
(712) 2
(713) 1
(717) 1
(718) 1
(720) 2
(721) 1
(722) 3
(723) 1
(724) 1
(727) 4
(729) 1
(730) 1
(732) 2
(733) 2
(735) 1
(736) 2
(737) 2
(738) 2
(739) 4
(740) 1
(741) 2
(742) 4
(743) 1
(744) 1
(745) 1
(751) 1
(752) 1
(753) 1
(759) 1
(762) 2
(768) 1
(769) 2
(771) 1
(776) 1
(778) 1
(779) 1
(781) 2
(783) 1
(784) 1
(785) 1
(786) 3
(788) 1
(791) 1
(792) 2
(793) 1
(794) 1
(795) 1
(797) 1
(799) 3
(800) 2
(801) 2
(802) 1
(805) 1
(806) 1
(808) 1
(809) 2
(812) 2
(814) 1
(817) 1
(818) 1
(820) 1
(822) 2
(824) 1
(826) 2
(829) 1
(833) 1
(834) 1
(835) 1
(836) 1
(837) 4
(838) 2
(839) 1
(840) 1
(842) 1
(843) 2
(844) 1
(845) 2
(846) 1
(847) 1
(848) 1
(850) 1
(851) 1
(852) 2
(855) 1
(856) 1
(857) 1
(858) 1
(861) 1
(862) 1
(863) 1
(864) 1
(865) 1
(868) 2
(873) 1
(874) 2
(878) 2
(879) 1
(881) 1
(883) 1
(884) 1
(885) 2
(887) 1
(891) 3
(893) 2
(894) 1
(899) 1
(900) 2
(906) 1
(911) 2
(912) 1
(915) 3
(916) 1
(917) 1
(918) 3
(919) 1
(923) 1
(927) 1
(928) 2
(929) 3
(930) 1
(931) 1
(932) 1
(933) 1
(934) 1
(936) 2
(938) 1
(939) 1
(940) 1
(941) 2
(942) 1
(943) 3
(944) 1
(945) 2
(950) 1
(953) 2
(956) 1
(957) 3
(958) 2
(962) 1
(965) 1
(966) 1
(967) 3
(968) 1
(969) 1
(971) 1
(972) 1
(974) 1
(976) 2
(979) 1
(980) 1
(982) 1
(987) 1
(988) 1
(989) 3
(991) 2
(993) 1
(994) 1
(997) 1
(998) 1
(-1) -1
