0 26
1 51
2 58
3 57
4 57
5 44
6 59
7 50
8 41
9 40
10 42
11 60
12 36
13 40
14 39
15 43
16 35
17 50
18 37
19 61
20 34
21 38
22 31
23 46
24 49
25 47
26 41
27 35
28 36
29 36
30 42
31 36
32 46
33 44
34 38
35 27
36 31
37 38
38 36
39 42
40 38
41 44
42 20
43 30
44 44
45 28
46 40
47 45
48 37
49 38
50 24
51 22
52 22
53 37
54 32
55 23
56 35
57 27
58 25
59 34
60 28
61 21
62 21
63 26
64 31
65 26
66 24
67 24
68 24
69 22
70 23
71 27
72 30
73 29
74 36
75 28
76 32
77 27
78 32
79 29
80 26
81 27
82 25
83 24
84 26
85 28
86 17
87 27
88 14
89 30
90 19
91 25
92 22
93 30
94 24
95 23
96 30
97 23
98 16
99 22
100 15
101 25
102 23
103 19
104 25
105 17
106 33
107 22
108 21
109 25
110 23
111 26
112 18
113 30
114 26
115 31
116 18
117 17
118 14
119 18
120 22
121 9
122 20
123 24
124 21
125 17
126 21
127 15
128 25
129 15
130 25
131 23
132 17
133 26
134 21
135 12
136 18
137 14
138 15
139 17
140 15
141 21
142 16
143 17
144 21
145 20
146 23
147 13
148 27
149 19
150 14
151 17
152 16
153 19
154 15
155 13
156 18
157 12
158 20
159 15
160 11
161 12
162 17
163 19
164 28
165 15
166 17
167 21
168 17
169 20
170 24
171 15
172 17
173 20
174 25
175 14
176 11
177 13
178 16
179 11
180 13
181 25
182 15
183 11
184 19
185 17
186 15
187 16
188 18
189 19
190 10
191 16
192 17
193 13
194 11
195 18
196 17
197 20
198 13
199 12
200 17
201 15
202 8
203 17
204 16
205 13
206 13
207 14
208 12
209 17
210 12
211 11
212 14
213 10
214 15
215 11
216 11
217 18
218 20
219 11
220 15
221 14
222 21
223 13
224 18
225 10
226 14
227 16
228 12
229 16
230 15
231 14
232 16
233 17
234 13
235 14
236 9
237 12
238 14
239 18
240 9
241 9
242 10
243 11
244 11
245 8
246 11
247 12
248 12
249 11
250 15
251 13
252 13
253 13
254 11
255 9
256 17
257 11
258 9
259 13
260 9
261 11
262 15
263 19
264 15
265 7
266 15
267 10
268 11
269 18
270 17
271 18
272 14
273 11
274 19
275 18
276 14
277 6
278 9
279 14
280 10
281 11
282 11
283 9
284 13
285 14
286 19
287 12
288 7
289 13
290 12
291 20
292 21
293 15
294 9
295 6
296 16
297 13
298 11
299 23
300 10
301 7
302 6
303 19
304 15
305 14
306 14
307 5
308 6
309 6
310 11
311 15
312 14
313 11
314 9
315 13
316 9
317 11
318 10
319 9
320 10
321 15
322 5
323 9
324 13
325 11
326 14
327 12
328 7
329 10
330 10
331 7
332 17
333 17
334 15
335 17
336 9
337 11
338 8
339 13
340 16
341 9
342 13
343 7
344 18
345 9
346 8
347 10
348 7
349 6
350 10
351 11
352 13
353 14
354 7
355 14
356 18
357 17
358 10
359 7
360 12
361 8
362 8
363 14
364 12
365 13
366 16
367 5
368 9
369 10
370 7
371 8
372 12
373 11
374 10
375 7
376 15
377 8
378 12
379 15
380 13
381 10
382 9
383 8
384 19
385 8
386 8
387 9
388 7
389 9
390 7
391 11
392 8
393 10
394 13
395 5
396 16
397 6
398 9
399 7
400 11
401 10
402 10
403 18
404 12
405 9
406 13
407 5
408 11
409 7
410 7
411 13
412 10
413 5
414 8
415 5
416 12
417 17
418 13
419 14
420 8
421 14
422 10
423 10
424 3
425 11
426 16
427 13
428 14
429 10
430 11
431 8
432 7
433 11
434 10
435 8
436 10
437 13
438 8
439 13
440 4
441 11
442 10
443 9
444 10
445 9
446 15
447 7
448 8
449 6
450 7
451 12
452 9
453 11
454 10
455 14
456 8
457 15
458 7
459 10
460 6
461 11
462 6
463 11
464 16
465 6
466 5
467 11
468 14
469 10
470 9
471 16
472 9
473 7
474 8
475 10
476 12
477 9
478 6
479 9
480 8
481 10
482 7
483 8
484 10
485 11
486 9
487 11
488 15
489 8
490 10
491 10
492 11
493 9
494 7
495 9
496 12
497 6
498 8
499 6
500 9
501 8
502 10
503 7
504 10
505 11
506 10
507 10
508 13
509 15
510 13
511 12
512 8
513 12
514 5
515 12
516 10
517 8
518 14
519 9
520 11
521 12
522 13
523 13
524 7
525 11
526 7
527 15
528 17
529 5
530 13
531 8
532 9
533 8
534 7
535 9
536 8
537 10
538 10
539 7
540 7
541 8
542 9
543 9
544 11
545 3
546 7
547 10
548 10
549 7
550 4
551 12
552 7
553 11
554 9
555 13
556 13
557 8
558 7
559 10
560 11
561 17
562 9
563 7
564 4
565 9
566 6
567 12
568 8
569 8
570 5
571 7
572 15
573 8
574 10
575 14
576 5
577 8
578 8
579 8
580 9
581 14
582 5
583 5
584 11
585 11
586 10
587 6
588 7
589 11
590 9
591 10
592 2
593 7
594 6
595 15
596 8
597 10
598 8
599 7
600 11
601 11
602 8
603 7
604 11
605 4
606 9
607 13
608 5
609 6
610 4
611 6
612 6
613 8
614 6
615 5
616 7
617 8
618 6
619 10
620 15
621 11
622 6
623 15
624 4
625 6
626 7
627 6
628 10
629 17
630 12
631 12
632 7
633 8
634 11
635 7
636 7
637 8
638 6
639 6
640 11
641 5
642 9
643 8
644 7
645 7
646 10
647 7
648 6
649 4
650 13
651 10
652 9
653 6
654 6
655 6
656 6
657 8
658 3
659 7
660 10
661 9
662 5
663 8
664 10
665 10
666 10
667 9
668 9
669 10
670 7
671 6
672 6
673 10
674 7
675 6
676 12
677 13
678 15
679 9
680 6
681 12
682 6
683 7
684 11
685 8
686 13
687 6
688 14
689 3
690 8
691 9
692 10
693 9
694 6
695 11
696 10
697 16
698 6
699 13
700 8
701 11
702 11
703 7
704 6
705 13
706 7
707 8
708 5
709 8
710 7
711 10
712 5
713 11
714 13
715 12
716 10
717 7
718 6
719 6
720 9
721 4
722 11
723 8
724 11
725 5
726 7
727 11
728 14
729 10
730 9
731 4
732 5
733 4
734 7
735 10
736 11
737 12
738 11
739 5
740 8
741 5
742 9
743 6
744 12
745 6
746 4
747 11
748 11
749 10
750 9
751 5
752 4
754 9
755 3
756 8
757 9
758 8
759 8
760 9
761 5
762 8
763 4
764 6
765 7
766 6
767 10
768 8
769 6
770 5
771 8
772 4
773 9
774 4
775 8
776 5
777 6
778 4
779 8
780 3
781 9
782 5
783 5
784 5
785 8
786 9
787 5
788 14
789 5
790 9
791 7
792 9
793 14
794 8
795 5
796 8
797 12
798 4
799 10
800 5
801 10
802 13
803 12
804 8
805 5
806 10
807 7
808 6
809 9
810 11
811 8
812 7
813 4
814 7
815 6
816 7
817 11
818 5
819 2
820 5
821 5
822 4
823 4
824 4
825 8
826 7
827 7
828 5
829 8
830 5
831 4
832 7
833 7
834 5
835 7
836 8
837 14
838 12
839 6
840 8
841 8
842 10
843 12
844 10
845 9
846 10
847 4
848 6
849 5
850 7
851 9
852 6
853 7
854 6
855 6
856 12
857 8
858 6
859 4
860 6
861 11
862 7
863 6
864 11
865 6
866 4
867 10
868 12
869 8
870 5
871 9
872 8
873 5
874 7
875 9
876 11
877 7
878 6
879 8
880 14
881 8
882 6
883 7
884 4
885 8
886 3
887 8
888 5
889 4
890 6
891 3
892 5
893 7
894 10
895 8
896 7
897 8
898 7
899 7
900 4
901 8
902 10
903 6
904 10
905 6
906 5
907 9
908 7
909 13
910 7
911 9
912 13
913 6
914 6
915 9
916 8
917 7
918 1
919 6
920 8
921 11
922 10
923 8
924 8
925 9
926 8
927 6
928 10
929 9
930 7
931 6
932 4
933 7
934 8
935 8
936 6
937 7
938 5
939 12
940 7
941 5
942 6
943 9
944 5
945 7
946 7
947 6
948 7
949 11
950 4
951 6
952 4
953 7
954 4
955 12
956 2
957 8
958 8
959 3
960 7
961 4
962 5
963 8
964 8
965 5
966 6
967 8
968 4
969 4
970 9
971 5
972 8
973 9
974 3
975 4
976 4
977 5
978 6
979 6
980 11
981 4
982 11
983 11
984 5
985 8
986 6
987 6
988 9
989 8
990 4
991 3
992 3
993 6
994 3
995 5
996 5
997 4
998 7
999 10
