0 12
1 27
2 18
3 20
4 16
5 18
6 27
7 15
8 15
9 21
10 23
11 14
12 23
13 22
14 21
15 17
16 16
17 17
18 13
19 20
20 19
21 18
22 11
23 17
24 20
25 30
26 20
27 10
28 22
29 14
30 9
31 12
32 12
33 11
34 16
35 17
36 10
37 13
38 16
39 13
40 9
41 11
42 10
43 7
44 8
45 14
46 9
47 10
48 10
49 13
50 7
51 17
52 3
53 12
54 9
55 14
56 7
57 11
58 8
59 16
60 6
61 12
62 9
63 15
64 10
65 8
66 12
67 7
68 9
69 9
70 10
71 8
72 9
73 8
74 14
75 11
76 6
77 7
78 7
79 5
80 4
81 16
82 16
83 16
84 10
85 9
86 5
87 8
88 9
89 9
90 9
91 9
92 7
93 8
94 11
95 8
96 6
97 5
98 7
99 7
100 2
101 11
102 9
103 3
104 7
105 15
106 8
107 11
108 7
109 6
110 8
111 4
112 4
113 8
114 7
115 11
116 8
117 6
118 10
119 10
120 6
121 7
122 11
123 4
124 6
125 3
126 7
127 6
128 5
129 6
130 7
131 6
132 10
133 5
134 8
135 4
136 7
137 8
138 5
139 4
140 6
141 4
142 7
143 3
144 6
145 10
146 4
147 8
148 6
149 7
150 4
151 10
152 8
153 6
154 5
155 7
156 6
157 6
158 10
159 1
160 7
161 3
162 9
163 2
164 13
165 4
166 8
167 7
168 9
169 8
170 10
171 8
172 3
173 9
174 9
175 2
176 9
177 1
178 6
179 4
180 6
181 5
182 4
183 4
184 5
185 6
186 6
187 11
188 5
189 8
190 5
191 2
192 6
193 5
194 5
195 5
196 3
197 1
198 5
199 3
200 11
201 4
202 5
203 5
204 4
205 4
206 3
207 4
208 2
209 4
210 6
211 4
212 4
213 4
214 1
215 6
216 4
217 1
218 2
219 1
220 5
221 7
222 4
223 4
224 3
225 3
226 4
227 6
228 4
229 3
230 3
231 3
232 4
233 5
234 6
235 6
236 2
237 3
238 3
239 2
240 1
241 4
242 2
243 2
244 3
245 7
246 4
248 7
249 6
250 2
251 5
252 3
253 5
254 5
255 6
256 7
257 2
258 5
259 2
260 7
261 5
262 2
263 3
264 5
265 6
266 4
267 4
268 5
269 4
270 3
271 1
272 4
273 2
274 3
275 7
276 4
277 5
278 1
280 8
281 7
282 4
283 7
284 6
285 4
286 3
287 3
288 6
289 3
290 2
291 2
292 4
293 4
294 2
295 3
296 2
297 5
298 3
299 1
300 5
301 6
302 6
303 3
304 5
305 3
306 3
307 4
308 6
309 5
310 3
311 4
312 8
313 4
314 3
315 2
316 3
317 3
318 6
319 4
320 2
322 7
323 1
324 5
325 4
326 7
327 8
328 4
329 4
330 5
331 4
333 6
334 2
335 2
336 7
337 4
338 5
339 4
340 8
341 3
342 8
343 2
344 1
346 2
347 2
348 2
349 3
350 5
351 3
352 3
353 3
354 6
355 6
356 4
357 7
358 3
359 6
360 5
361 3
362 4
363 3
364 2
365 3
366 1
367 3
368 4
369 1
370 2
371 11
372 5
373 1
374 2
375 5
376 2
377 2
378 2
379 2
380 5
381 3
382 7
383 4
384 7
385 1
386 4
387 4
388 2
389 4
390 2
391 1
392 1
393 2
394 3
395 4
396 1
397 5
398 3
399 4
400 2
401 2
402 1
403 3
404 5
405 7
406 2
407 4
408 4
409 6
410 3
411 4
412 2
413 7
414 5
415 2
416 1
417 1
418 3
419 1
420 6
421 4
422 3
423 7
424 1
425 5
426 1
427 5
428 3
429 5
431 5
432 5
433 1
434 2
435 5
436 1
437 2
438 5
439 4
440 2
441 1
442 4
443 4
444 4
445 5
446 7
448 4
449 1
450 3
451 2
452 4
453 3
454 2
455 4
456 4
457 3
458 3
459 2
460 3
461 2
462 2
463 3
464 2
465 3
466 1
467 5
468 2
469 5
470 6
471 5
472 3
473 3
474 5
475 4
476 4
477 5
478 3
479 2
480 2
481 4
482 4
483 6
484 2
485 5
486 4
487 3
488 3
489 2
490 5
491 2
492 1
493 3
494 3
495 3
496 2
497 2
498 4
499 3
500 3
501 3
502 1
503 2
504 1
505 4
506 4
507 7
508 6
509 5
510 4
511 1
512 3
513 4
514 2
516 2
517 7
518 1
520 1
521 4
522 4
523 4
524 3
525 3
526 5
527 3
528 2
529 2
530 5
532 2
533 3
534 2
535 4
536 5
537 3
538 3
539 2
540 2
541 1
542 3
543 2
544 4
545 4
546 3
547 5
548 2
549 2
550 4
551 1
552 5
553 1
554 6
555 2
556 3
557 1
558 4
559 1
560 1
561 5
564 5
565 1
566 1
567 4
568 3
569 5
570 1
571 2
572 1
573 2
574 3
575 5
576 2
577 1
578 6
579 5
580 2
581 3
582 4
583 5
584 1
585 3
587 2
588 6
589 5
590 3
591 1
592 1
593 4
594 4
595 3
596 3
597 4
599 4
600 3
601 1
602 4
603 4
604 2
605 6
607 2
608 1
609 4
610 3
611 7
612 2
613 2
614 5
615 4
616 1
617 4
618 3
619 1
620 1
621 2
622 3
623 3
625 1
626 3
627 2
628 3
629 4
630 2
631 2
632 3
633 3
634 3
635 4
636 2
637 4
639 2
640 1
641 2
642 4
645 7
646 3
647 1
648 6
649 5
650 3
651 2
652 2
653 6
654 2
655 6
656 1
657 2
658 1
659 1
660 2
663 1
665 1
666 3
667 2
668 6
669 1
670 4
671 4
672 1
673 1
674 1
675 6
676 3
677 3
678 5
679 4
680 4
681 3
682 4
683 1
684 3
685 1
686 6
687 2
688 3
689 2
690 5
691 5
692 4
693 2
694 1
695 3
696 3
697 2
698 5
699 1
700 1
701 2
702 3
703 4
704 2
705 5
707 4
708 4
709 2
710 1
711 2
712 2
714 2
716 5
717 2
718 1
719 1
720 1
721 2
722 1
723 3
724 4
726 1
727 2
728 1
729 4
730 6
731 3
732 1
733 1
735 2
736 1
737 2
739 4
740 2
741 3
742 2
743 3
744 1
745 3
746 1
747 1
748 6
749 3
750 3
751 2
752 1
753 5
755 3
759 4
760 2
761 2
762 4
763 1
764 1
765 4
766 1
767 3
768 1
769 5
770 2
771 2
773 3
774 2
775 2
776 7
777 3
779 4
780 4
781 3
783 3
784 3
785 2
786 2
787 3
788 2
789 1
790 3
791 3
792 1
793 4
794 5
795 2
796 2
797 6
798 1
799 1
800 1
801 6
802 3
803 3
805 2
806 2
807 1
808 3
809 3
810 2
812 1
813 1
814 3
815 3
816 4
817 2
818 3
819 1
821 4
822 1
823 2
824 2
825 3
826 1
827 3
829 1
830 4
831 1
833 3
834 2
835 3
836 1
837 2
838 2
839 4
840 2
841 1
842 2
844 3
845 2
846 2
847 2
848 2
849 2
851 2
852 2
853 1
854 3
855 1
856 3
858 2
859 1
860 5
861 2
862 2
863 2
864 1
865 1
866 1
867 2
868 2
871 2
872 1
873 2
874 3
875 3
876 3
877 4
878 2
879 4
880 3
881 1
882 1
883 5
884 1
885 2
886 3
887 2
888 2
889 2
891 3
892 2
893 4
895 3
896 2
897 2
898 1
899 2
900 1
901 3
902 1
903 5
904 4
905 3
906 2
907 2
908 2
910 2
911 3
912 2
913 1
914 2
915 1
916 1
917 3
918 5
919 1
920 6
921 3
922 2
923 1
924 1
925 4
926 1
927 1
928 3
929 1
930 1
931 5
932 2
934 2
935 2
937 2
938 4
939 2
940 1
941 3
942 4
943 2
944 1
945 3
946 2
947 2
950 2
951 5
952 1
953 2
954 2
955 2
956 3
957 2
958 2
960 1
961 1
962 1
963 1
964 3
965 1
969 7
970 1
971 1
973 3
974 2
975 6
976 2
977 1
978 2
979 4
980 2
981 1
982 1
983 3
984 1
985 4
986 2
987 4
988 2
990 2
991 3
992 3
993 2
994 3
995 3
996 2
997 2
998 4
999 3
