0 12
1 18
2 14
3 27
4 21
5 24
6 18
7 23
8 14
9 20
10 27
11 30
12 14
13 25
14 19
15 29
16 31
17 20
18 25
19 27
20 28
21 22
22 16
23 16
24 15
25 19
26 20
27 21
28 22
29 20
30 22
31 20
32 17
33 20
34 17
35 22
36 21
37 11
38 24
39 25
40 18
41 17
42 25
43 15
44 22
45 16
46 24
47 17
48 27
49 17
50 24
51 18
52 16
53 15
54 17
55 12
56 18
57 25
58 21
59 14
60 16
61 16
62 12
63 17
64 16
65 14
66 13
67 19
68 13
69 15
70 12
71 21
72 23
73 11
74 8
75 15
76 13
77 18
78 13
79 17
80 13
81 15
82 10
83 12
84 13
85 9
86 16
87 20
88 11
89 13
90 17
91 17
92 10
93 13
94 6
95 10
96 14
97 17
98 12
99 13
100 11
101 12
102 7
103 13
104 11
105 13
106 13
107 14
108 15
109 16
110 17
111 18
112 11
113 11
114 15
115 18
116 10
117 8
118 4
119 5
120 8
121 17
122 13
123 10
124 13
125 15
126 12
127 12
128 8
129 10
130 9
131 7
132 9
133 11
134 19
135 16
136 20
137 9
138 10
139 10
140 13
141 12
142 7
143 12
144 11
145 12
146 4
147 12
148 11
149 9
150 9
151 12
152 8
153 16
154 9
155 8
156 3
157 12
158 15
159 12
160 12
161 12
162 7
163 9
164 8
165 13
166 13
167 10
168 8
169 10
170 12
171 8
172 6
173 7
174 14
175 8
176 6
177 7
178 10
179 4
180 7
181 5
182 13
183 11
184 8
185 11
186 7
187 9
188 7
189 6
190 3
191 3
192 6
193 8
194 3
195 7
196 6
197 8
198 6
199 6
200 13
201 7
202 8
203 6
204 6
205 3
206 9
207 7
208 9
209 6
210 11
211 7
212 12
213 10
214 5
215 7
216 7
217 8
218 3
219 8
220 4
221 8
222 10
223 6
224 13
225 3
226 4
227 6
228 7
229 1
230 6
231 9
232 6
233 5
234 3
235 12
236 2
237 4
238 7
239 5
240 7
241 3
242 8
243 5
244 4
245 10
246 9
247 7
248 6
249 7
250 4
251 2
252 6
253 7
254 10
255 7
256 7
257 7
258 7
259 4
260 2
261 6
262 6
263 9
264 8
265 8
266 4
267 6
268 11
269 3
270 5
271 6
272 6
273 5
274 10
275 7
276 4
277 6
278 4
279 5
280 4
281 9
282 3
283 5
284 6
285 6
286 3
287 6
288 6
289 6
290 6
291 5
292 6
293 9
294 2
295 13
296 6
297 4
298 8
299 4
300 7
301 3
302 9
303 7
304 6
305 5
306 4
307 6
308 7
309 2
310 5
311 10
312 7
313 6
314 4
315 2
316 12
317 6
318 5
319 6
320 10
321 7
322 7
323 4
324 5
325 6
326 9
327 5
328 3
329 6
330 6
331 2
332 2
333 7
334 6
335 1
336 4
337 4
338 2
339 5
340 11
341 4
342 5
343 7
344 10
345 7
346 7
347 5
348 4
349 8
350 4
351 6
352 2
353 4
354 7
355 6
356 4
357 5
358 9
359 2
360 1
361 6
362 7
363 1
364 6
365 3
366 5
367 3
368 7
369 4
370 4
371 6
372 8
373 3
374 6
375 3
376 7
377 3
378 6
379 3
380 4
381 2
382 4
383 4
384 5
385 9
386 4
387 6
388 4
389 5
390 5
391 4
392 3
393 6
394 6
395 3
396 5
397 4
398 4
399 4
400 8
401 4
402 5
404 7
405 2
406 5
407 7
408 6
409 10
410 3
411 2
412 2
413 5
414 2
415 6
416 4
417 9
418 3
419 6
420 2
421 1
422 2
423 3
424 6
425 3
426 6
427 3
428 9
429 8
430 7
431 2
432 2
433 8
434 3
435 3
436 8
437 4
438 5
439 2
440 3
441 3
442 3
443 4
444 3
445 4
446 4
447 6
448 5
449 7
450 3
451 7
452 3
453 3
454 2
455 10
456 5
457 1
458 7
459 9
460 4
461 10
462 3
463 2
464 3
465 1
466 6
467 5
468 2
469 5
470 6
471 3
472 3
473 5
474 9
475 8
476 3
477 5
478 5
479 2
480 6
481 2
482 5
483 3
484 5
485 1
486 5
487 6
488 1
489 5
490 5
491 4
492 6
493 2
495 6
496 9
497 3
498 5
499 3
500 6
501 3
502 3
503 8
504 5
505 4
506 2
507 9
508 2
509 3
510 3
512 8
513 9
514 3
516 5
517 4
518 3
519 3
520 6
521 5
522 2
523 2
524 6
525 3
526 1
527 4
528 4
529 7
530 5
531 7
532 6
533 5
534 5
535 3
536 4
537 2
538 5
539 7
540 4
541 2
542 6
543 5
544 6
545 4
546 5
547 4
548 3
549 3
550 2
551 2
552 4
553 3
554 6
555 1
556 4
557 4
558 4
559 5
560 5
561 3
562 7
563 2
564 4
565 2
566 3
567 1
568 1
569 3
570 4
571 3
572 5
573 4
574 6
576 2
577 3
578 4
579 3
580 1
581 5
582 1
583 6
584 6
585 2
586 4
587 2
588 6
589 1
590 6
591 7
592 1
593 5
594 5
595 4
596 5
597 7
598 2
599 3
600 7
601 4
602 4
603 9
604 1
605 2
606 4
607 1
608 5
609 5
610 2
611 3
612 4
613 3
614 4
615 7
616 7
617 2
618 3
619 1
620 4
621 3
622 3
623 3
624 7
625 5
626 2
627 3
628 1
629 3
630 8
631 4
632 2
633 2
634 4
635 4
636 4
637 3
638 3
639 8
640 5
641 2
642 6
643 2
644 6
645 7
646 1
647 6
648 6
649 3
650 2
651 4
652 4
653 3
654 4
655 2
656 5
657 5
658 3
659 6
660 6
661 4
662 2
663 2
664 8
665 2
666 5
667 7
668 6
669 7
670 1
671 6
672 2
673 5
674 4
676 7
677 7
678 7
679 5
680 6
681 5
682 4
683 3
684 2
685 2
686 1
687 3
688 6
689 3
690 4
691 5
692 3
693 4
694 3
695 3
696 6
697 7
698 1
699 5
700 3
701 7
702 7
703 5
704 8
705 4
706 7
707 2
708 7
709 1
710 6
711 2
712 8
713 2
714 3
715 5
716 2
717 1
718 4
719 5
720 2
721 1
722 4
723 5
724 2
725 5
726 3
727 4
728 3
729 2
730 4
731 2
732 3
733 4
734 5
735 1
736 1
737 1
738 4
739 3
740 2
741 4
742 1
743 4
744 1
745 6
746 3
747 4
748 1
749 6
750 8
751 3
752 5
753 2
754 4
755 2
756 5
757 6
759 6
760 4
761 3
762 3
763 8
764 4
765 3
766 4
767 2
768 5
769 7
770 3
771 2
772 1
773 2
774 3
775 5
776 6
777 2
778 1
779 5
780 5
781 3
782 5
783 2
784 1
785 4
786 3
787 9
788 5
789 3
790 4
791 2
792 3
793 6
794 3
795 1
796 7
798 2
799 5
800 3
801 2
802 1
803 8
804 8
805 3
806 1
807 7
808 5
810 4
811 3
812 3
813 1
814 1
815 1
816 5
817 8
819 2
820 4
821 6
822 3
823 5
824 5
825 4
826 5
827 5
828 6
829 1
830 2
831 4
832 8
833 4
834 2
835 4
836 3
837 1
838 3
839 7
840 6
841 4
842 4
843 5
844 4
845 4
846 4
847 3
848 7
849 2
850 2
851 1
852 2
853 6
854 6
855 2
856 2
857 3
858 2
859 6
860 2
861 1
862 6
863 3
864 3
865 4
866 2
868 6
869 3
870 3
871 2
872 3
873 5
874 2
875 1
876 2
877 3
878 3
879 3
880 3
881 1
882 1
883 5
884 4
885 2
886 9
887 2
888 4
889 3
890 2
891 2
892 3
893 7
894 2
895 3
896 6
897 3
898 2
899 3
900 2
901 6
902 2
903 3
904 7
905 3
906 4
907 1
908 4
909 4
910 3
911 7
912 2
913 4
914 3
915 3
916 5
917 1
918 4
919 7
920 5
921 4
922 3
923 6
924 4
925 3
926 1
927 3
928 1
929 4
930 4
931 3
932 4
933 4
934 4
935 4
936 3
937 3
938 4
939 2
940 3
941 3
943 2
944 1
945 3
946 3
947 4
948 5
949 5
950 1
951 2
952 1
953 7
954 2
955 2
956 4
957 4
958 4
959 4
960 6
961 1
962 4
963 1
964 6
965 2
966 2
967 3
968 2
969 2
970 3
971 2
972 3
973 2
974 2
975 2
976 3
977 5
978 2
979 1
980 2
981 3
982 3
983 4
984 5
985 7
986 2
987 7
988 5
989 2
990 1
992 4
993 3
994 3
995 2
996 2
997 3
998 4
999 3
