"corr.dtimecali!ele4b_dec_sun" (1000)
Fri Mar 29 01:40:09 2019
 3
1 long 
("bdecay.corr.dtimecal")
(0 1000) 
--------------------------------------------
(0) 4
(1) 19
(2) 7
(3) 10
(4) 12
(5) 10
(6) 11
(7) 12
(8) 14
(9) 16
(10) 10
(11) 4
(12) 7
(13) 8
(14) 18
(15) 11
(16) 10
(17) 12
(18) 12
(19) 7
(20) 12
(21) 10
(22) 5
(23) 9
(24) 2
(25) 13
(26) 9
(27) 10
(28) 7
(29) 9
(30) 13
(31) 7
(32) 7
(33) 8
(34) 8
(35) 9
(36) 9
(37) 7
(38) 9
(39) 9
(40) 7
(41) 8
(42) 7
(43) 5
(44) 12
(45) 3
(46) 5
(47) 6
(48) 6
(49) 7
(50) 8
(51) 5
(52) 6
(53) 3
(54) 12
(55) 5
(56) 2
(57) 6
(58) 8
(59) 13
(60) 4
(61) 1
(62) 3
(63) 4
(64) 7
(65) 9
(66) 7
(67) 1
(68) 6
(69) 5
(70) 6
(71) 4
(72) 3
(73) 3
(74) 3
(75) 7
(76) 8
(77) 7
(78) 5
(79) 4
(80) 5
(81) 3
(82) 6
(83) 8
(84) 2
(85) 5
(86) 5
(87) 6
(88) 3
(89) 6
(90) 9
(91) 3
(92) 6
(93) 5
(94) 6
(95) 4
(96) 5
(97) 6
(98) 3
(99) 3
(100) 1
(101) 1
(102) 4
(103) 5
(104) 1
(105) 9
(106) 6
(107) 3
(108) 4
(109) 4
(110) 3
(111) 2
(112) 7
(113) 3
(114) 2
(115) 5
(116) 7
(117) 4
(118) 2
(119) 4
(120) 5
(121) 2
(122) 2
(123) 2
(124) 2
(125) 3
(126) 4
(127) 2
(128) 4
(129) 3
(130) 3
(131) 4
(132) 2
(133) 3
(134) 1
(135) 3
(136) 5
(137) 3
(140) 4
(141) 1
(142) 1
(143) 5
(144) 4
(145) 2
(146) 4
(147) 3
(148) 1
(149) 1
(150) 3
(151) 1
(152) 3
(153) 4
(155) 1
(156) 1
(157) 3
(158) 2
(159) 1
(160) 4
(161) 3
(162) 3
(163) 2
(164) 5
(165) 3
(166) 1
(167) 2
(168) 1
(169) 1
(170) 1
(171) 4
(172) 2
(173) 5
(174) 4
(175) 5
(176) 1
(177) 4
(179) 1
(180) 1
(181) 3
(183) 3
(184) 1
(185) 4
(186) 1
(187) 4
(189) 3
(190) 3
(191) 1
(192) 1
(193) 1
(194) 4
(195) 7
(196) 1
(197) 2
(198) 3
(199) 6
(200) 2
(201) 2
(202) 3
(203) 1
(204) 2
(205) 1
(207) 5
(209) 3
(210) 2
(211) 1
(212) 1
(213) 1
(214) 3
(216) 3
(217) 3
(218) 2
(219) 1
(220) 3
(222) 2
(223) 1
(224) 5
(226) 3
(227) 2
(228) 1
(229) 2
(230) 3
(233) 3
(234) 3
(235) 3
(236) 1
(237) 1
(238) 1
(239) 3
(240) 2
(241) 2
(242) 1
(243) 2
(244) 1
(245) 1
(246) 4
(247) 2
(248) 3
(249) 1
(250) 3
(251) 1
(253) 2
(254) 1
(255) 1
(256) 5
(257) 1
(258) 3
(259) 1
(261) 3
(262) 2
(264) 4
(265) 2
(266) 3
(267) 1
(268) 1
(269) 2
(270) 1
(272) 3
(274) 5
(275) 6
(276) 3
(277) 2
(278) 1
(279) 2
(280) 1
(281) 1
(282) 2
(283) 1
(284) 1
(285) 1
(286) 2
(287) 1
(289) 4
(290) 2
(291) 1
(293) 1
(294) 5
(295) 1
(296) 2
(297) 1
(298) 3
(299) 2
(301) 3
(302) 2
(304) 1
(305) 1
(306) 3
(307) 2
(308) 1
(310) 2
(311) 1
(312) 1
(313) 3
(314) 3
(317) 1
(318) 1
(319) 2
(320) 2
(323) 1
(325) 1
(327) 1
(328) 2
(329) 3
(330) 4
(331) 1
(332) 1
(333) 2
(335) 2
(337) 1
(339) 3
(340) 3
(341) 2
(342) 1
(343) 4
(344) 3
(347) 1
(348) 2
(349) 2
(351) 3
(352) 1
(353) 3
(354) 3
(358) 2
(359) 2
(362) 1
(365) 2
(366) 1
(367) 2
(368) 1
(369) 2
(370) 2
(372) 1
(374) 2
(375) 2
(379) 1
(382) 1
(383) 3
(387) 1
(388) 3
(389) 2
(391) 1
(392) 1
(393) 2
(394) 1
(397) 3
(398) 2
(399) 1
(400) 3
(401) 1
(402) 3
(403) 2
(404) 2
(405) 3
(406) 2
(407) 2
(408) 1
(409) 1
(413) 1
(414) 1
(415) 1
(416) 1
(418) 2
(423) 2
(424) 1
(425) 1
(426) 2
(427) 4
(428) 2
(429) 3
(431) 1
(432) 1
(433) 1
(435) 1
(436) 1
(437) 1
(438) 5
(441) 1
(443) 2
(444) 1
(446) 1
(449) 2
(450) 4
(454) 1
(456) 2
(457) 2
(458) 1
(460) 2
(461) 1
(462) 2
(463) 2
(464) 1
(467) 4
(468) 1
(469) 1
(470) 1
(471) 2
(472) 2
(473) 1
(477) 1
(478) 1
(480) 1
(481) 1
(484) 1
(485) 1
(487) 1
(488) 2
(489) 1
(490) 2
(493) 1
(494) 1
(495) 1
(496) 3
(497) 1
(498) 2
(499) 1
(500) 1
(502) 1
(503) 1
(504) 1
(507) 2
(509) 2
(510) 3
(513) 1
(514) 1
(516) 1
(517) 2
(520) 1
(521) 1
(522) 1
(523) 1
(526) 1
(527) 1
(528) 1
(529) 1
(530) 1
(531) 1
(532) 1
(533) 2
(534) 2
(535) 1
(536) 3
(538) 3
(540) 1
(542) 1
(543) 1
(544) 1
(545) 1
(548) 2
(549) 1
(550) 1
(552) 4
(553) 1
(555) 1
(556) 1
(561) 1
(562) 1
(563) 1
(564) 2
(568) 3
(569) 2
(570) 2
(571) 3
(572) 4
(573) 1
(574) 1
(577) 1
(580) 1
(582) 2
(583) 1
(584) 1
(586) 1
(593) 1
(595) 3
(596) 1
(598) 1
(600) 2
(602) 1
(603) 1
(604) 1
(606) 1
(607) 1
(608) 3
(610) 1
(611) 1
(614) 2
(615) 1
(616) 1
(617) 1
(618) 1
(619) 4
(621) 2
(622) 2
(623) 1
(624) 3
(625) 1
(626) 2
(628) 1
(630) 1
(631) 1
(634) 1
(636) 2
(637) 2
(639) 1
(640) 2
(643) 1
(644) 1
(645) 2
(649) 1
(650) 2
(651) 3
(653) 1
(656) 1
(657) 2
(658) 2
(666) 1
(667) 1
(670) 1
(672) 1
(673) 1
(675) 1
(678) 2
(679) 1
(681) 1
(683) 2
(685) 1
(686) 1
(687) 1
(688) 2
(690) 1
(691) 2
(692) 1
(693) 1
(698) 1
(699) 1
(700) 1
(704) 1
(707) 1
(709) 1
(712) 1
(713) 1
(714) 1
(715) 1
(716) 2
(717) 2
(718) 1
(720) 1
(723) 1
(725) 2
(727) 4
(728) 1
(729) 2
(731) 1
(733) 1
(734) 1
(735) 1
(736) 2
(738) 1
(739) 2
(740) 1
(742) 1
(743) 1
(744) 1
(746) 1
(747) 1
(748) 1
(749) 1
(753) 1
(759) 1
(760) 2
(762) 1
(763) 2
(764) 1
(766) 1
(778) 1
(779) 1
(782) 3
(786) 1
(787) 1
(788) 1
(790) 1
(791) 2
(792) 1
(793) 2
(794) 1
(799) 1
(805) 2
(807) 2
(808) 1
(810) 2
(811) 1
(812) 1
(813) 2
(815) 2
(822) 2
(825) 1
(827) 1
(831) 1
(834) 1
(835) 2
(836) 1
(837) 2
(839) 3
(840) 1
(846) 1
(848) 1
(851) 1
(852) 2
(854) 1
(856) 2
(859) 1
(862) 1
(865) 1
(867) 2
(868) 1
(869) 1
(870) 3
(871) 1
(872) 1
(879) 1
(880) 1
(882) 1
(883) 1
(886) 1
(888) 1
(892) 1
(893) 1
(897) 1
(899) 2
(900) 1
(905) 1
(906) 2
(910) 1
(912) 1
(913) 1
(914) 1
(915) 1
(918) 1
(920) 1
(922) 1
(925) 1
(930) 1
(932) 1
(942) 1
(949) 1
(951) 1
(953) 1
(954) 1
(957) 2
(958) 1
(959) 1
(967) 2
(971) 1
(974) 4
(976) 1
(981) 3
(984) 1
(986) 1
(987) 1
(989) 1
(990) 1
(992) 1
(993) 1
(998) 1
(-1) -1
