"corr.dtimecali!ele4c_dec_sun" (1000)
Fri Mar 29 01:40:09 2019
 3
1 long 
("bdecay.corr.dtimecal")
(0 1000) 
--------------------------------------------
(0) 14
(1) 40
(2) 37
(3) 27
(4) 38
(5) 47
(6) 35
(7) 43
(8) 31
(9) 29
(10) 38
(11) 40
(12) 23
(13) 34
(14) 36
(15) 18
(16) 31
(17) 32
(18) 37
(19) 36
(20) 36
(21) 29
(22) 26
(23) 27
(24) 38
(25) 35
(26) 32
(27) 32
(28) 33
(29) 30
(30) 28
(31) 35
(32) 23
(33) 34
(34) 31
(35) 25
(36) 33
(37) 28
(38) 30
(39) 22
(40) 22
(41) 22
(42) 27
(43) 33
(44) 24
(45) 23
(46) 30
(47) 35
(48) 31
(49) 32
(50) 23
(51) 23
(52) 22
(53) 19
(54) 18
(55) 28
(56) 22
(57) 16
(58) 30
(59) 24
(60) 18
(61) 19
(62) 19
(63) 34
(64) 17
(65) 11
(66) 16
(67) 21
(68) 33
(69) 29
(70) 24
(71) 28
(72) 30
(73) 22
(74) 18
(75) 20
(76) 18
(77) 14
(78) 19
(79) 14
(80) 15
(81) 17
(82) 23
(83) 17
(84) 18
(85) 25
(86) 19
(87) 16
(88) 23
(89) 21
(90) 31
(91) 14
(92) 19
(93) 18
(94) 22
(95) 14
(96) 22
(97) 14
(98) 19
(99) 10
(100) 16
(101) 15
(102) 20
(103) 14
(104) 15
(105) 20
(106) 16
(107) 18
(108) 16
(109) 18
(110) 11
(111) 14
(112) 27
(113) 18
(114) 16
(115) 18
(116) 17
(117) 17
(118) 20
(119) 11
(120) 17
(121) 13
(122) 6
(123) 22
(124) 14
(125) 14
(126) 6
(127) 12
(128) 21
(129) 15
(130) 11
(131) 19
(132) 20
(133) 15
(134) 14
(135) 19
(136) 13
(137) 7
(138) 10
(139) 12
(140) 7
(141) 7
(142) 10
(143) 16
(144) 9
(145) 14
(146) 14
(147) 8
(148) 15
(149) 11
(150) 8
(151) 12
(152) 9
(153) 14
(154) 15
(155) 16
(156) 9
(157) 9
(158) 14
(159) 8
(160) 7
(161) 4
(162) 11
(163) 12
(164) 13
(165) 10
(166) 9
(167) 6
(168) 11
(169) 15
(170) 6
(171) 6
(172) 7
(173) 10
(174) 8
(175) 13
(176) 12
(177) 12
(178) 12
(179) 11
(180) 11
(181) 9
(182) 6
(183) 6
(184) 9
(185) 11
(186) 13
(187) 12
(188) 9
(189) 7
(190) 14
(191) 12
(192) 14
(193) 3
(194) 11
(195) 8
(196) 12
(197) 6
(198) 13
(199) 10
(200) 10
(201) 5
(202) 11
(203) 10
(204) 8
(205) 11
(206) 9
(207) 7
(208) 9
(209) 5
(210) 8
(211) 10
(212) 11
(213) 7
(214) 9
(215) 3
(216) 10
(217) 12
(218) 9
(219) 8
(220) 9
(221) 10
(222) 14
(223) 3
(224) 9
(225) 12
(226) 5
(227) 16
(228) 9
(229) 12
(230) 7
(231) 9
(232) 12
(233) 10
(234) 10
(235) 14
(236) 7
(237) 11
(238) 7
(239) 8
(240) 4
(241) 11
(242) 11
(243) 4
(244) 6
(245) 9
(246) 7
(247) 4
(248) 7
(249) 10
(250) 12
(251) 8
(252) 7
(253) 9
(254) 11
(255) 4
(256) 7
(257) 8
(258) 9
(259) 8
(260) 10
(261) 4
(262) 7
(263) 11
(264) 4
(265) 10
(266) 6
(267) 5
(268) 6
(269) 8
(270) 5
(271) 7
(272) 5
(273) 7
(274) 7
(275) 5
(276) 6
(277) 4
(278) 7
(279) 8
(280) 6
(281) 13
(282) 6
(283) 8
(284) 9
(285) 11
(286) 7
(287) 5
(288) 4
(289) 9
(290) 4
(291) 8
(292) 7
(293) 5
(294) 8
(295) 8
(296) 7
(297) 6
(298) 5
(299) 7
(300) 9
(301) 5
(302) 7
(303) 5
(304) 4
(305) 10
(306) 7
(307) 8
(308) 3
(309) 14
(310) 6
(311) 11
(312) 16
(313) 4
(314) 8
(315) 6
(316) 5
(317) 8
(318) 7
(319) 5
(320) 2
(321) 6
(322) 8
(323) 8
(324) 6
(325) 4
(326) 2
(327) 3
(328) 5
(329) 5
(330) 9
(331) 8
(332) 4
(333) 9
(334) 5
(335) 5
(336) 4
(337) 4
(338) 7
(339) 3
(340) 6
(341) 8
(342) 3
(343) 3
(344) 7
(345) 9
(346) 2
(347) 6
(348) 5
(349) 5
(350) 7
(351) 7
(352) 2
(353) 7
(354) 11
(355) 8
(356) 4
(357) 6
(358) 6
(359) 7
(360) 2
(361) 2
(362) 9
(363) 7
(364) 6
(365) 6
(366) 8
(367) 2
(368) 7
(369) 4
(370) 2
(371) 9
(372) 5
(373) 3
(374) 9
(375) 4
(376) 7
(377) 5
(378) 9
(379) 2
(380) 4
(381) 5
(382) 3
(383) 3
(384) 6
(385) 3
(386) 8
(387) 5
(388) 4
(389) 6
(390) 9
(391) 3
(392) 3
(393) 3
(394) 5
(395) 7
(396) 6
(397) 4
(398) 7
(399) 2
(400) 6
(401) 4
(402) 2
(403) 4
(404) 1
(405) 1
(406) 4
(407) 4
(408) 5
(409) 10
(410) 7
(411) 3
(412) 3
(413) 3
(414) 3
(415) 5
(416) 6
(417) 7
(418) 3
(419) 5
(420) 5
(421) 2
(422) 3
(423) 4
(424) 3
(425) 4
(426) 7
(427) 3
(428) 1
(429) 6
(430) 6
(431) 7
(432) 5
(433) 1
(434) 1
(435) 5
(436) 6
(437) 1
(438) 5
(439) 4
(440) 3
(441) 6
(442) 7
(443) 2
(444) 3
(445) 4
(446) 4
(447) 4
(448) 6
(449) 8
(450) 3
(451) 3
(452) 7
(453) 4
(454) 4
(455) 5
(456) 1
(457) 6
(458) 3
(459) 3
(460) 2
(461) 8
(462) 2
(463) 3
(464) 4
(465) 6
(466) 2
(468) 6
(469) 3
(470) 6
(471) 2
(472) 6
(473) 9
(474) 1
(475) 4
(476) 3
(477) 3
(478) 6
(479) 3
(480) 1
(481) 4
(482) 8
(483) 4
(484) 7
(485) 3
(486) 8
(487) 3
(488) 8
(489) 4
(490) 4
(491) 5
(492) 3
(493) 2
(494) 7
(495) 3
(496) 3
(497) 6
(498) 2
(499) 7
(500) 5
(501) 2
(502) 4
(503) 2
(504) 4
(505) 3
(507) 7
(508) 1
(509) 6
(510) 2
(511) 2
(512) 2
(513) 3
(514) 3
(515) 3
(516) 7
(517) 3
(518) 4
(519) 5
(520) 4
(521) 1
(522) 7
(523) 2
(524) 1
(525) 1
(526) 5
(527) 3
(528) 3
(529) 5
(530) 1
(531) 1
(532) 5
(533) 1
(534) 2
(535) 3
(536) 4
(537) 8
(538) 6
(539) 5
(540) 4
(541) 1
(542) 2
(543) 5
(544) 4
(545) 1
(546) 2
(547) 3
(548) 3
(549) 5
(550) 4
(551) 5
(553) 9
(554) 1
(555) 4
(556) 4
(557) 3
(558) 5
(559) 4
(560) 4
(561) 4
(562) 5
(563) 3
(564) 2
(565) 1
(566) 3
(567) 3
(568) 4
(569) 4
(570) 1
(571) 4
(572) 3
(573) 3
(574) 4
(575) 5
(576) 1
(577) 3
(578) 5
(579) 1
(580) 2
(581) 3
(582) 2
(583) 1
(584) 5
(585) 3
(586) 3
(587) 4
(588) 1
(589) 6
(590) 2
(591) 2
(592) 1
(593) 4
(594) 4
(595) 3
(596) 4
(597) 4
(598) 2
(600) 4
(601) 2
(602) 4
(603) 4
(604) 3
(605) 5
(606) 3
(607) 3
(608) 2
(609) 2
(610) 3
(611) 5
(612) 1
(613) 1
(615) 6
(616) 6
(617) 5
(618) 5
(619) 2
(620) 5
(621) 3
(622) 5
(623) 2
(624) 3
(625) 2
(626) 3
(627) 1
(629) 5
(630) 4
(631) 4
(632) 4
(633) 5
(634) 1
(635) 4
(636) 2
(637) 3
(638) 1
(639) 4
(640) 1
(641) 3
(642) 3
(643) 5
(644) 4
(645) 6
(646) 5
(647) 4
(648) 4
(649) 3
(650) 6
(651) 3
(652) 2
(653) 3
(654) 2
(655) 4
(656) 4
(657) 2
(658) 2
(659) 2
(660) 5
(661) 2
(662) 4
(663) 1
(664) 3
(665) 1
(666) 1
(667) 2
(668) 5
(669) 2
(670) 6
(671) 1
(672) 5
(673) 3
(674) 4
(675) 4
(676) 5
(677) 2
(678) 4
(679) 2
(680) 3
(681) 6
(682) 4
(683) 3
(684) 9
(685) 4
(686) 3
(687) 4
(688) 3
(689) 3
(690) 2
(691) 3
(692) 7
(693) 6
(694) 5
(695) 3
(696) 4
(697) 8
(698) 6
(700) 1
(701) 1
(702) 2
(703) 2
(704) 4
(705) 2
(706) 4
(707) 2
(708) 3
(709) 3
(710) 3
(711) 4
(712) 1
(713) 4
(714) 1
(715) 1
(716) 5
(717) 2
(719) 2
(720) 2
(721) 3
(722) 5
(723) 4
(724) 1
(725) 6
(726) 6
(727) 2
(728) 5
(730) 2
(731) 1
(732) 2
(733) 7
(734) 2
(735) 3
(737) 2
(738) 2
(739) 5
(740) 2
(741) 3
(742) 2
(743) 6
(745) 2
(746) 2
(747) 2
(748) 1
(749) 1
(750) 2
(751) 3
(752) 2
(753) 4
(754) 1
(755) 2
(756) 3
(757) 5
(758) 1
(759) 3
(760) 3
(761) 6
(762) 3
(763) 5
(764) 2
(765) 3
(766) 7
(767) 2
(768) 3
(769) 5
(771) 1
(772) 1
(773) 3
(774) 4
(775) 2
(776) 5
(777) 4
(778) 1
(779) 1
(780) 1
(781) 1
(782) 8
(783) 2
(784) 3
(785) 1
(786) 3
(787) 2
(788) 3
(789) 2
(790) 7
(791) 3
(792) 2
(793) 2
(795) 3
(797) 4
(798) 3
(799) 5
(800) 4
(801) 4
(802) 4
(803) 2
(804) 2
(805) 5
(806) 4
(807) 1
(808) 3
(809) 4
(810) 2
(811) 2
(812) 4
(813) 1
(814) 4
(816) 2
(817) 3
(818) 4
(820) 4
(821) 3
(822) 3
(823) 1
(824) 5
(825) 2
(826) 1
(827) 3
(828) 4
(829) 1
(830) 2
(831) 8
(832) 3
(834) 1
(835) 7
(836) 1
(837) 5
(838) 2
(839) 2
(840) 7
(841) 4
(842) 6
(843) 1
(845) 3
(846) 2
(847) 3
(848) 4
(849) 3
(850) 3
(851) 2
(852) 7
(853) 3
(854) 2
(855) 2
(856) 5
(858) 3
(859) 1
(860) 1
(861) 1
(862) 3
(863) 3
(864) 5
(865) 2
(866) 1
(867) 1
(868) 6
(869) 5
(870) 5
(871) 1
(872) 2
(873) 1
(874) 2
(875) 3
(876) 1
(877) 3
(878) 3
(879) 1
(880) 5
(883) 4
(884) 1
(885) 3
(886) 2
(887) 2
(888) 2
(889) 3
(890) 1
(891) 1
(893) 5
(894) 5
(895) 4
(896) 2
(897) 7
(898) 3
(899) 5
(900) 3
(901) 3
(902) 3
(903) 1
(904) 1
(905) 2
(906) 1
(907) 2
(908) 3
(909) 5
(910) 1
(911) 1
(913) 2
(915) 2
(916) 5
(917) 4
(918) 1
(919) 3
(920) 3
(921) 2
(922) 2
(923) 2
(924) 6
(925) 1
(926) 3
(927) 2
(928) 4
(929) 3
(930) 2
(931) 2
(932) 1
(933) 3
(934) 3
(935) 2
(936) 1
(937) 3
(938) 4
(939) 4
(940) 3
(941) 3
(942) 1
(943) 2
(944) 4
(946) 6
(947) 2
(948) 2
(949) 1
(951) 4
(952) 2
(953) 1
(954) 3
(955) 5
(956) 2
(957) 1
(958) 3
(959) 2
(960) 1
(961) 3
(962) 3
(963) 1
(964) 3
(966) 3
(967) 4
(968) 1
(969) 2
(970) 4
(971) 2
(972) 7
(973) 3
(974) 2
(975) 4
(976) 1
(978) 2
(979) 3
(981) 4
(982) 4
(983) 4
(984) 1
(985) 1
(986) 2
(987) 2
(988) 2
(989) 1
(990) 3
(991) 2
(992) 2
(993) 1
(994) 6
(995) 3
(996) 1
(997) 3
(998) 2
(999) 3
(-1) -1
