"corr.dtimecali!ele4d_dec_sun" (1000)
Fri Mar 29 01:40:09 2019
 3
1 long 
("bdecay.corr.dtimecal")
(0 1000) 
--------------------------------------------
(0) 2
(1) 6
(2) 10
(3) 11
(4) 12
(5) 9
(6) 7
(7) 5
(8) 5
(9) 8
(10) 17
(11) 7
(12) 9
(13) 5
(14) 7
(15) 9
(16) 8
(17) 8
(18) 15
(19) 4
(20) 3
(21) 7
(22) 7
(23) 8
(24) 5
(25) 9
(26) 9
(27) 9
(28) 7
(29) 10
(30) 8
(31) 13
(32) 7
(33) 9
(34) 5
(35) 10
(36) 7
(37) 5
(38) 3
(39) 9
(40) 10
(41) 8
(42) 5
(43) 6
(44) 7
(45) 6
(46) 5
(47) 9
(48) 12
(49) 5
(50) 5
(51) 7
(52) 3
(53) 2
(54) 10
(55) 11
(56) 6
(57) 8
(58) 10
(59) 7
(60) 4
(61) 5
(62) 7
(63) 5
(64) 10
(65) 3
(66) 11
(67) 6
(68) 11
(69) 6
(70) 6
(71) 7
(72) 7
(73) 7
(74) 5
(75) 4
(76) 17
(77) 4
(78) 5
(79) 6
(80) 9
(81) 8
(82) 6
(83) 6
(84) 4
(85) 8
(86) 8
(87) 6
(88) 4
(89) 5
(90) 5
(91) 8
(92) 6
(93) 9
(94) 4
(95) 5
(96) 7
(97) 5
(98) 5
(99) 5
(100) 6
(101) 5
(102) 5
(103) 3
(104) 6
(105) 6
(106) 5
(107) 8
(108) 8
(109) 2
(110) 5
(111) 2
(112) 4
(113) 7
(114) 7
(115) 4
(116) 3
(117) 3
(118) 6
(119) 5
(120) 4
(121) 4
(122) 9
(123) 2
(124) 5
(125) 2
(126) 6
(127) 9
(128) 3
(129) 5
(130) 7
(131) 3
(132) 3
(133) 6
(134) 8
(135) 4
(136) 5
(137) 2
(138) 6
(139) 6
(140) 8
(141) 10
(142) 8
(143) 5
(144) 8
(145) 1
(146) 11
(147) 4
(148) 4
(149) 3
(150) 8
(151) 6
(152) 10
(153) 3
(154) 3
(155) 4
(156) 5
(157) 3
(158) 3
(159) 8
(160) 3
(161) 6
(162) 7
(163) 3
(164) 2
(165) 8
(166) 2
(167) 5
(168) 4
(169) 7
(170) 2
(171) 4
(172) 4
(173) 7
(175) 10
(176) 3
(177) 2
(178) 1
(179) 3
(180) 4
(181) 5
(182) 4
(183) 4
(184) 6
(185) 3
(186) 5
(187) 3
(188) 5
(189) 5
(190) 3
(191) 2
(192) 3
(193) 4
(194) 5
(195) 2
(196) 3
(197) 4
(198) 12
(199) 3
(200) 5
(201) 4
(202) 3
(203) 3
(204) 2
(205) 6
(206) 1
(207) 2
(208) 2
(209) 9
(210) 4
(212) 6
(213) 4
(214) 3
(215) 6
(216) 2
(218) 2
(219) 3
(220) 2
(221) 4
(222) 2
(223) 2
(224) 3
(225) 5
(226) 1
(227) 5
(228) 7
(229) 3
(230) 4
(231) 4
(232) 2
(234) 5
(235) 4
(236) 2
(237) 7
(238) 6
(239) 1
(240) 2
(241) 7
(242) 3
(243) 2
(244) 1
(246) 3
(247) 1
(248) 4
(249) 2
(250) 4
(251) 7
(252) 2
(253) 3
(254) 4
(255) 7
(256) 2
(257) 4
(258) 2
(259) 2
(260) 2
(261) 4
(262) 1
(263) 2
(264) 2
(265) 4
(266) 3
(267) 4
(268) 5
(269) 3
(270) 3
(271) 5
(272) 3
(273) 3
(274) 3
(275) 5
(276) 3
(277) 1
(278) 4
(279) 4
(280) 3
(281) 1
(282) 2
(283) 4
(284) 4
(285) 4
(286) 1
(287) 4
(288) 2
(289) 3
(290) 1
(291) 4
(292) 6
(293) 6
(294) 1
(295) 1
(296) 3
(297) 5
(298) 6
(299) 4
(300) 3
(301) 2
(302) 5
(303) 3
(304) 2
(305) 2
(306) 3
(307) 3
(308) 1
(309) 1
(310) 5
(311) 2
(312) 4
(313) 2
(314) 3
(315) 2
(316) 3
(317) 1
(318) 5
(320) 7
(321) 1
(322) 1
(323) 4
(324) 2
(325) 1
(326) 3
(327) 2
(328) 4
(329) 3
(330) 2
(331) 4
(332) 1
(333) 2
(334) 1
(336) 2
(337) 1
(338) 5
(339) 4
(340) 3
(342) 4
(343) 2
(344) 1
(345) 2
(346) 3
(347) 2
(348) 2
(349) 2
(350) 4
(351) 1
(352) 1
(353) 3
(354) 2
(355) 3
(356) 1
(357) 3
(358) 6
(359) 1
(360) 3
(361) 1
(362) 2
(363) 3
(364) 2
(365) 3
(366) 1
(367) 3
(368) 4
(369) 1
(370) 1
(371) 4
(372) 7
(373) 2
(374) 2
(375) 3
(376) 4
(377) 3
(378) 2
(380) 2
(381) 2
(382) 3
(383) 3
(384) 3
(385) 2
(386) 3
(387) 1
(388) 2
(389) 3
(390) 1
(392) 3
(393) 3
(394) 2
(395) 1
(396) 2
(397) 1
(398) 1
(399) 3
(400) 2
(402) 4
(403) 2
(404) 1
(405) 4
(406) 2
(407) 1
(408) 1
(409) 1
(410) 3
(411) 1
(412) 1
(413) 3
(414) 4
(415) 4
(416) 4
(417) 2
(418) 2
(419) 3
(420) 4
(421) 2
(422) 2
(423) 2
(424) 4
(425) 2
(426) 4
(427) 5
(428) 3
(429) 2
(430) 1
(431) 1
(432) 1
(433) 2
(434) 2
(435) 5
(436) 1
(437) 4
(438) 2
(440) 2
(441) 2
(442) 2
(443) 4
(444) 3
(445) 1
(446) 2
(447) 2
(448) 1
(449) 1
(450) 2
(452) 2
(453) 1
(454) 1
(456) 5
(457) 1
(458) 3
(459) 3
(460) 5
(461) 3
(462) 1
(463) 1
(465) 3
(466) 2
(467) 1
(468) 2
(469) 4
(470) 1
(471) 3
(472) 2
(473) 6
(474) 1
(475) 5
(476) 2
(477) 1
(478) 1
(479) 2
(480) 2
(481) 2
(482) 1
(483) 2
(484) 4
(485) 3
(486) 1
(487) 1
(489) 3
(491) 2
(492) 1
(493) 2
(494) 2
(495) 2
(496) 2
(497) 1
(498) 4
(499) 3
(500) 2
(501) 1
(502) 1
(504) 3
(505) 3
(506) 3
(508) 1
(509) 2
(510) 1
(511) 2
(512) 1
(513) 3
(514) 1
(515) 1
(516) 2
(517) 2
(518) 2
(519) 2
(520) 1
(521) 3
(522) 4
(524) 1
(525) 2
(526) 1
(527) 1
(528) 5
(529) 2
(530) 4
(531) 3
(532) 2
(534) 1
(535) 3
(536) 1
(537) 5
(538) 3
(539) 1
(540) 3
(541) 2
(542) 2
(543) 1
(545) 3
(547) 1
(548) 1
(549) 1
(550) 3
(552) 3
(553) 3
(554) 1
(555) 1
(556) 1
(557) 1
(558) 1
(559) 2
(560) 1
(561) 3
(562) 2
(563) 2
(564) 3
(565) 1
(567) 2
(569) 2
(572) 3
(573) 2
(574) 1
(575) 2
(576) 2
(577) 1
(578) 1
(580) 1
(581) 2
(582) 2
(583) 4
(584) 2
(585) 3
(586) 2
(588) 2
(589) 1
(590) 1
(591) 2
(592) 2
(593) 3
(594) 2
(595) 2
(596) 3
(597) 2
(598) 1
(599) 2
(600) 2
(601) 2
(602) 2
(603) 4
(604) 3
(605) 1
(606) 2
(607) 2
(608) 1
(609) 2
(610) 2
(611) 1
(612) 2
(613) 2
(614) 4
(615) 2
(616) 3
(619) 4
(620) 2
(622) 2
(623) 3
(624) 1
(625) 1
(627) 2
(628) 1
(629) 2
(632) 2
(634) 2
(635) 3
(636) 2
(637) 4
(638) 2
(640) 3
(642) 3
(645) 3
(646) 1
(647) 4
(648) 1
(649) 2
(652) 1
(653) 1
(654) 2
(655) 1
(656) 2
(658) 1
(659) 2
(661) 2
(662) 1
(663) 2
(664) 3
(666) 1
(668) 1
(669) 1
(670) 1
(671) 3
(672) 2
(676) 2
(678) 1
(679) 1
(680) 2
(682) 3
(683) 1
(684) 2
(685) 1
(686) 1
(687) 3
(688) 2
(689) 1
(690) 1
(691) 1
(693) 1
(695) 2
(698) 1
(701) 1
(702) 1
(704) 2
(705) 3
(707) 1
(708) 1
(709) 2
(710) 1
(711) 2
(712) 1
(713) 2
(714) 1
(715) 1
(716) 1
(717) 1
(718) 4
(719) 2
(720) 3
(721) 4
(722) 3
(723) 2
(724) 1
(725) 1
(726) 1
(727) 1
(728) 2
(729) 3
(731) 1
(732) 1
(733) 1
(736) 2
(737) 2
(738) 1
(739) 1
(741) 3
(743) 3
(744) 1
(745) 1
(746) 2
(747) 1
(748) 2
(749) 2
(750) 2
(751) 1
(752) 2
(753) 1
(754) 2
(755) 1
(756) 2
(758) 1
(759) 2
(762) 4
(763) 1
(764) 1
(765) 3
(766) 1
(767) 1
(769) 1
(770) 3
(771) 1
(772) 2
(773) 2
(774) 1
(775) 2
(776) 2
(777) 2
(778) 1
(779) 1
(780) 4
(781) 2
(782) 2
(783) 2
(784) 2
(785) 1
(786) 4
(787) 4
(788) 1
(789) 2
(790) 2
(792) 1
(794) 2
(795) 3
(796) 1
(797) 2
(799) 2
(800) 1
(801) 2
(802) 1
(805) 1
(806) 1
(807) 3
(808) 2
(809) 1
(810) 2
(811) 1
(813) 4
(815) 1
(816) 1
(817) 1
(818) 3
(819) 3
(820) 2
(821) 1
(823) 1
(824) 1
(825) 2
(828) 4
(830) 1
(834) 2
(835) 2
(836) 2
(838) 5
(839) 1
(840) 1
(841) 3
(844) 1
(846) 2
(847) 1
(848) 2
(849) 1
(850) 5
(851) 1
(853) 2
(854) 2
(856) 1
(858) 1
(860) 2
(864) 4
(865) 2
(866) 2
(867) 4
(868) 1
(869) 1
(870) 1
(872) 1
(874) 3
(875) 1
(878) 1
(880) 1
(881) 3
(882) 1
(883) 2
(884) 1
(885) 4
(887) 1
(888) 2
(889) 3
(890) 2
(891) 1
(892) 2
(893) 1
(895) 1
(896) 1
(898) 1
(899) 1
(900) 1
(901) 1
(902) 1
(906) 1
(908) 2
(909) 1
(911) 1
(912) 2
(914) 2
(915) 1
(916) 1
(918) 3
(921) 1
(922) 3
(923) 2
(925) 1
(926) 1
(927) 1
(928) 1
(929) 5
(930) 1
(932) 1
(933) 1
(934) 2
(935) 3
(936) 1
(937) 1
(938) 2
(939) 2
(940) 1
(944) 2
(946) 1
(948) 1
(949) 5
(953) 1
(956) 1
(957) 1
(958) 1
(960) 1
(961) 3
(962) 2
(964) 2
(965) 2
(967) 1
(968) 3
(970) 1
(971) 3
(972) 2
(973) 1
(976) 1
(979) 2
(980) 1
(981) 2
(983) 2
(984) 2
(986) 1
(987) 1
(988) 2
(989) 2
(992) 2
(993) 2
(995) 3
(996) 3
(997) 1
(999) 1
(-1) -1
