0 1
11 1
12 1
14 1
17 1
21 1
23 1
24 1
33 1
61 1
66 1
67 1
75 1
84 1
91 1
95 2
98 1
110 1
112 1
120 1
129 1
144 1
145 1
172 2
174 1
182 1
188 1
192 1
203 1
214 1
219 1
224 1
241 1
245 1
246 1
254 1
255 1
257 1
270 1
275 1
280 1
284 1
285 1
296 1
300 1
303 1
304 2
332 1
366 1
370 1
373 1
380 1
385 1
399 1
406 1
417 2
418 1
422 1
428 1
439 1
463 1
465 1
466 1
467 1
468 1
471 1
476 1
478 1
484 1
488 1
502 1
524 1
529 1
536 1
555 1
568 1
570 1
583 1
584 1
595 2
596 1
604 1
610 1
634 1
637 1
661 1
672 1
683 1
684 1
688 1
705 1
717 1
728 1
731 1
734 2
752 1
761 2
774 1
776 1
791 1
799 1
803 3
805 1
823 1
825 1
854 1
856 1
860 1
866 1
871 1
876 2
879 1
883 1
886 1
915 1
927 1
933 1
959 1
971 1
973 1
987 1
993 1
995 1
