"corr.dtimecali!ele5b_dec_sun" (1000)
Fri Mar 29 01:40:09 2019
 3
1 long 
("bdecay.corr.dtimecal")
(0 1000) 
--------------------------------------------
(0) 2
(1) 6
(2) 4
(3) 3
(4) 5
(5) 7
(6) 4
(7) 2
(8) 3
(9) 2
(10) 5
(11) 2
(12) 4
(13) 3
(14) 1
(15) 1
(16) 5
(18) 4
(19) 1
(20) 4
(21) 4
(22) 1
(23) 4
(24) 3
(25) 2
(26) 7
(27) 3
(28) 4
(29) 2
(30) 3
(31) 1
(32) 3
(33) 4
(34) 2
(35) 3
(36) 4
(37) 2
(38) 2
(39) 1
(41) 2
(43) 2
(44) 3
(45) 1
(46) 1
(47) 3
(48) 4
(49) 1
(50) 1
(51) 1
(52) 2
(56) 2
(57) 1
(58) 2
(60) 3
(65) 2
(66) 2
(67) 1
(68) 2
(69) 1
(71) 1
(72) 1
(76) 1
(78) 1
(81) 2
(82) 1
(84) 1
(85) 1
(86) 1
(87) 1
(88) 1
(89) 1
(90) 1
(91) 2
(92) 1
(95) 1
(97) 1
(98) 4
(100) 2
(101) 3
(102) 2
(104) 1
(105) 1
(106) 2
(110) 3
(112) 1
(113) 3
(114) 1
(116) 1
(120) 1
(121) 1
(122) 1
(123) 1
(124) 3
(125) 1
(127) 2
(129) 1
(131) 1
(132) 2
(133) 1
(136) 1
(139) 1
(141) 1
(142) 1
(143) 1
(145) 1
(146) 1
(147) 1
(148) 1
(149) 2
(150) 1
(154) 1
(155) 1
(156) 1
(157) 1
(162) 1
(163) 1
(165) 1
(166) 3
(168) 1
(171) 1
(172) 1
(173) 1
(174) 1
(175) 1
(176) 1
(179) 1
(183) 1
(184) 2
(185) 2
(186) 1
(187) 1
(193) 3
(194) 1
(198) 1
(202) 1
(207) 1
(208) 1
(210) 1
(211) 1
(212) 2
(214) 1
(216) 1
(218) 1
(219) 1
(223) 1
(225) 1
(226) 1
(227) 1
(230) 1
(234) 1
(235) 1
(239) 1
(243) 1
(244) 1
(245) 1
(246) 2
(247) 2
(251) 1
(257) 1
(258) 1
(259) 2
(262) 1
(263) 1
(265) 1
(267) 3
(268) 1
(270) 1
(271) 2
(272) 1
(275) 2
(276) 1
(284) 2
(286) 1
(287) 1
(291) 1
(293) 1
(297) 1
(301) 1
(302) 1
(304) 1
(305) 1
(315) 1
(319) 1
(330) 1
(331) 2
(336) 1
(339) 2
(340) 2
(345) 2
(347) 1
(349) 3
(355) 1
(357) 1
(361) 1
(363) 1
(365) 1
(368) 1
(380) 1
(382) 3
(383) 1
(393) 1
(395) 1
(396) 1
(398) 1
(400) 1
(403) 1
(404) 1
(407) 1
(409) 1
(411) 1
(416) 1
(417) 1
(418) 1
(421) 1
(422) 1
(427) 1
(432) 1
(433) 1
(443) 1
(447) 1
(454) 1
(466) 1
(470) 1
(472) 1
(473) 1
(476) 1
(482) 1
(484) 1
(486) 1
(487) 1
(490) 1
(492) 2
(495) 1
(500) 1
(501) 1
(502) 1
(504) 2
(505) 2
(508) 1
(512) 1
(520) 1
(521) 1
(524) 2
(525) 1
(526) 1
(528) 2
(531) 1
(533) 1
(537) 1
(545) 2
(549) 1
(550) 2
(558) 1
(576) 1
(577) 1
(593) 1
(594) 2
(596) 1
(603) 1
(604) 1
(609) 2
(611) 1
(634) 1
(651) 1
(656) 1
(657) 1
(658) 1
(661) 1
(663) 1
(668) 1
(674) 1
(678) 1
(680) 1
(690) 1
(694) 1
(697) 1
(700) 1
(706) 1
(715) 1
(717) 1
(725) 1
(727) 1
(730) 1
(742) 1
(756) 1
(769) 2
(774) 1
(777) 1
(789) 1
(796) 1
(799) 1
(805) 2
(808) 1
(810) 1
(811) 1
(820) 1
(827) 1
(832) 1
(840) 2
(843) 2
(847) 1
(850) 1
(852) 1
(854) 1
(858) 1
(859) 1
(862) 2
(870) 1
(877) 1
(887) 2
(899) 1
(904) 1
(909) 1
(919) 1
(938) 1
(945) 1
(956) 1
(959) 1
(963) 1
(966) 1
(969) 2
(979) 1
(997) 1
(998) 2
(-1) -1
