0 3
1 5
2 8
3 6
4 9
5 3
6 7
7 14
8 6
9 3
10 2
11 3
12 8
13 3
14 6
15 6
16 6
17 4
18 4
19 5
20 6
21 2
22 6
23 2
24 7
25 3
26 4
27 6
28 2
29 5
30 4
31 3
32 6
33 4
34 3
35 6
36 4
37 3
39 3
40 3
41 4
42 5
43 4
44 4
45 5
46 4
47 3
48 5
49 3
50 7
51 3
52 3
53 5
54 3
55 5
56 2
57 3
58 1
59 4
60 4
61 6
62 3
63 4
64 1
65 7
66 4
67 2
68 3
69 5
70 7
71 3
72 5
73 5
74 3
75 2
76 5
77 1
78 1
79 5
80 3
81 2
82 5
83 1
84 1
85 3
86 2
87 4
88 2
89 4
90 2
91 1
92 1
93 2
94 2
95 4
96 2
97 2
98 5
99 1
100 2
101 5
102 1
103 2
104 5
105 2
106 2
107 2
108 2
109 3
111 4
112 3
113 2
114 1
115 1
116 1
117 3
119 2
120 1
121 1
122 1
123 1
124 2
125 2
126 3
127 4
128 1
129 1
130 4
131 1
132 2
133 4
134 3
135 1
136 2
137 1
138 3
139 2
140 2
141 4
142 1
143 1
144 2
145 1
146 2
147 3
148 2
149 1
150 3
151 1
152 2
153 3
154 1
156 1
157 1
158 4
159 1
160 1
161 5
162 1
163 2
164 1
166 1
167 1
168 1
170 2
171 2
172 2
173 5
174 1
175 2
176 1
178 1
179 4
181 2
183 1
184 1
185 1
186 1
188 1
189 2
191 3
192 1
194 1
195 1
196 2
197 2
199 1
200 4
201 4
202 1
203 1
204 4
205 2
206 3
208 1
211 3
212 3
213 1
214 1
215 1
216 1
218 2
219 3
220 1
221 1
222 1
224 3
225 1
226 2
227 1
228 1
230 2
231 1
233 1
234 3
235 2
236 1
237 1
238 2
240 1
242 3
243 1
244 2
245 2
247 3
248 1
252 1
253 2
257 1
259 2
260 3
261 1
262 2
263 1
264 2
265 1
266 2
267 1
269 2
271 2
272 1
273 1
274 2
275 3
276 2
277 2
278 1
279 4
280 1
281 2
282 2
285 2
286 3
287 2
289 2
290 1
291 2
292 2
293 2
295 2
296 1
297 1
299 2
300 2
301 1
302 1
304 1
306 2
308 1
309 1
310 3
311 3
313 1
314 1
317 1
318 1
320 1
321 1
322 1
323 5
324 1
325 1
326 2
328 1
329 1
331 4
332 1
333 1
338 2
343 1
345 1
347 2
349 1
351 2
352 1
353 2
354 1
355 4
356 1
359 2
360 2
362 3
363 1
364 1
365 1
366 2
367 4
368 1
369 1
370 1
371 2
372 1
375 2
376 4
377 2
378 2
379 4
381 1
384 1
385 2
386 4
387 1
388 4
389 1
392 2
393 1
395 2
397 1
398 3
399 4
400 1
401 1
403 1
404 1
405 2
407 1
408 2
414 1
418 2
419 1
421 2
423 2
426 1
429 1
430 1
432 1
433 3
436 1
437 1
438 2
439 1
440 1
441 1
442 1
444 1
445 3
446 1
448 1
452 1
453 1
454 1
457 1
458 1
459 1
461 1
462 1
464 1
467 2
468 1
470 1
474 2
475 1
476 1
478 2
479 2
481 2
482 2
483 2
484 1
485 2
487 1
489 1
493 1
494 2
497 4
499 1
503 1
504 1
505 2
507 2
508 1
509 1
510 1
511 1
513 2
514 2
516 2
519 1
520 2
525 2
526 1
527 3
528 1
529 1
531 1
533 2
534 2
537 1
539 1
540 1
542 2
543 1
544 1
545 2
547 2
548 1
553 2
554 1
555 1
556 4
558 1
559 3
560 1
561 1
565 1
566 1
567 2
568 2
570 1
572 2
574 1
577 1
578 1
579 1
580 1
581 1
583 1
584 4
588 1
589 3
591 1
592 1
595 1
596 2
597 2
599 2
600 1
601 1
603 2
605 1
606 1
607 1
608 1
609 1
611 1
613 1
614 2
621 1
625 1
626 1
629 2
630 2
631 1
636 1
637 2
638 1
639 1
641 2
642 1
644 1
645 1
646 2
648 2
649 1
654 1
655 1
656 1
657 1
658 1
661 2
662 2
663 1
664 1
666 1
667 1
669 2
671 3
672 3
673 2
674 1
676 1
677 1
678 1
679 1
682 1
685 2
686 1
688 1
694 3
696 1
697 1
700 2
701 1
703 2
706 1
707 1
708 1
710 3
713 1
714 3
716 4
717 2
719 1
720 2
725 1
728 1
729 1
730 1
731 1
733 1
734 1
740 1
741 1
743 1
745 2
746 1
747 1
752 1
755 2
757 2
758 1
759 3
760 1
764 2
765 1
768 1
771 1
772 1
773 1
774 1
776 1
779 1
783 1
784 2
787 1
788 1
789 1
790 2
792 1
793 3
795 1
798 1
801 1
803 1
805 3
809 1
812 1
816 2
817 3
818 3
820 1
821 1
823 2
827 1
828 2
829 1
830 2
831 1
834 1
835 2
836 1
837 4
841 1
843 1
844 1
845 2
846 1
850 2
851 1
853 1
855 1
860 1
863 3
864 1
865 1
867 2
868 1
869 1
872 1
875 2
886 2
888 1
893 1
896 1
899 1
900 1
901 3
904 1
907 1
908 1
909 1
911 1
913 1
917 1
918 1
919 1
922 1
923 1
924 1
926 1
927 1
928 1
931 1
933 1
937 2
939 2
941 1
944 1
945 1
951 1
953 2
955 1
956 1
959 1
967 2
971 1
972 3
974 1
975 1
979 2
983 1
985 1
986 1
987 2
988 1
992 2
995 1
